Peer,BytesSent,BytesSent_in_bits/s,BytesReceived,BytesReceived_in_bits/s
31-2,"[0, 0, 0, 703, 32692, 58843, 84819, 110150, 135217, 160899, 185001, 210081, 234499, 258331, 282316, 305952, 329216, 352416, 375956, 400078, 423548, 447824, 471950, 496143, 521099, 546390, 571502, 596175, 621801, 647815, 672081, 696767, 720803, 743684, 767028, 808319, 831343, 854281, 878854, 901969, 925722, 950251, 975157, 1000136, 1025602, 1052951, 1077390, 1102253, 1126732, 1150148, 1174569, 1197588, 1219847, 1243069, 1265835, 1288786, 1312859, 1336600, 1361268, 1375997, 1390233, 1415146, 1439717, 1464215, 1488334, 1513038, 1537135, 1560753, 1584138, 1608073, 1630476, 1653510, 1676798, 1699414, 1722695, 1746525, 1769999, 1793628, 1818236, 1843505, 1867903, 1892483, 1916399, 1940766, 1964510, 1988154, 2011648, 2035308, 2058338, 2081869, 2104853, 2128066, 2151235, 2174673, 2198286, 2221784, 2246145, 2270974, 2295441, 2320724, 2345369, 2370058, 2394645, 2418544, 2442004, 2483382, 2506124, 2525875, 2533525, 2556909, 2579300, 2602763, 2644180, 2667859, 2692164, 2717231, 2741932, 2766618, 2783052, 2797775, 2822497, 2846471, 2870167, 2893996, 2917030, 2939691, 2963068, 2986026, 3009250, 3033634, 3057012, 3081080, 3105713, 3130370, 3154941, 3179689, 3204666, 3229475, 3253876, 3278733, 3302280, 3326118, 3349381, 3372253, 3395788, 3418769, 3442684, 3466565, 3490532, 3515336, 3539838, 3565441, 3589775, 3614214, 3638845, 3663066, 3687370, 3711439, 3735298, 3759423, 3782821, 3806077, 3829328, 3851876, 3875695, 3899424, 3923387, 3947422, 3972095, 3997472, 4022269, 4047285, 4071995, 4096952, 4121982, 4145754, 4169743, 4193756, 4216691, 4258648, 4282390, 4296537, 4310283, 4333272, 4356668, 4380402, 4404426, 4429563, 4455157, 4480414, 4504803, 4529915, 4554214, 4577928, 4620442, 4644085, 4667611, 4672384, 4695413, 4719170, 4742207, 4765898, 4789530, 4813489, 4840987, 4866385, 4891379, 4916537, 4941064, 4962163, 4978065, 4986775, 4994187, 5001588, 5009468, 5016704, 5024049, 5031981, 5041275, 5050981, 5061510, 5073355, 5087470, 5103998, 5122675, 5144298, 5167122, 5190810, 5215431, 5239941, 5263661, 5287965, 5311595, 5334965, 5358009, 5381397, 5404912, 5428677, 5453413, 5478528, 5503001, 5528470, 5553831, 5578032, 5603588, 5628854, 5653383, 5678183, 5702406, 5726438, 5749653, 5773226, 5795840, 5818931, 5842104, 5865125, 5888870, 5912257, 5937466, 5962985, 5987846, 6012874, 6038420, 6063196, 6087725, 6112424, 6136026, 6159865, 6183709, 6225233, 6248696, 6267662, 6276480, 6299743, 6323764, 6347365, 6371405, 6396341, 6421273, 6446788, 6467097, 6492524, 6517190, 6541144, 6583580, 6607253, 6630704, 6653738, 6677730, 6700948, 6724816, 6748796, 6772460, 6796834, 6821592, 6846645, 6871363, 6896441, 6902962, 6927247, 6951467]","[0, 0, 0, 5624.584678392358, 255906.38681898417, 209210.49398343544, 207804.73006244085, 202669.84075546777, 200643.96867306114, 205365.41857710655, 192788.83501589432, 200599.68209934002, 195490.81722504113, 190668.0011215916, 191864.26406220498, 189080.60682594313, 186127.4429316855, 185597.43350716986, 188317.75507742073, 192969.19089883493, 187766.98367344213, 194201.19372761776, 192987.15668917174, 193573.62929487403, 199652.5696846699, 202329.25421538582, 200887.33095576693, 197392.8947432295, 205006.97357310174, 208104.11107405167, 194135.12795488955, 197464.55454917776, 192299.92044718654, 183051.27321183463, 186738.59889262516, 187330.3039115977, 184310.1626385057, 183383.1525283841, 196552.6963078657, 184923.52713636658, 190035.9613394245, 196243.7906177606, 199247.42994853033, 199922.13480112766, 203625.61199576876, 218800.97258932242, 195502.58448742237, 198910.5445077758, 195833.58747243264, 187330.81377822591, 195358.4516976838, 184154.0196640264, 178068.943244001, 185783.4414296532, 182135.64271572063, 183601.03995004843, 192583.21943790186, 189915.86510185068, 197474.3217226334, 182051.37015691338, 193095.61341819586, 199301.19649062326, 196554.4568142845, 195986.7101586316, 192966.4921410142, 197635.34551561633, 192767.7273066246, 188933.6395833244, 187084.81728560134, 191477.534802704, 179221.86350889792, 184271.82426469395, 186298.93644744038, 180928.69018817972, 186253.4175655706, 190643.27260866828, 187779.82250601728, 189061.65988450145, 196849.82633792065, 202134.84339803463, 195199.17174958953, 196645.5323059111, 191318.78598147194, 194959.42690257047, 189944.93532135244, 189134.052957278, 187957.64638696783, 189273.77255901977, 184249.5764178417, 188242.7040941517, 183860.42736415289, 185725.34313950376, 185335.12043762035, 187501.40717849342, 188904, 187984, 194894.41236994436, 198632.37886119625, 195740.34013644044, 202266.84522625647, 197152.10320631537, 197505.6900705172, 196714.29113329458, 191179.14625376617, 187697.8555117486, 187774.3383165656, 181742.65785328357, 183971.49722557727, 162200.82663898144, 187085.4706049258, 179107.75895935376, 187731.9742440945, 187945.88167903366, 189285.10482592383, 194565.71169822267, 200449.5940394346, 197594.33805321803, 197612.14646290056, 217805.88549178716, 185921.16175854052, 197782.69601984855, 191780.8433156564, 189571.79658482387, 190645.3632986092, 184251.52909170228, 181294.05134181687, 187021.75204038934, 183653.3599113325, 185796.07534573835, 195081.76733473307, 187013.9232037916, 192570.90471414625, 197038.25628556145, 197257.3168346575, 196564.71947232174, 197974.27664637825, 199831.15061995914, 198482.74208794927, 195201.34483329984, 198850.87974762614, 188389.74417822802, 190690.9972168913, 186119.84167086516, 182951.61694291327, 188308.86834200475, 183820.78387384757, 191341.03047729732, 191032.74217209156, 191746.9261310924, 198427.22181763564, 196011.13979946633, 204815.60092273742, 194682.6756723892, 195519.45847543623, 197044.2416793503, 193759.86951231142, 194429.45044236796, 192561.5952447429, 190862.0798956353, 193009.2954343981, 187174.9855491922, 186052.8794309467, 185998.33269011343, 180406.5384297698, 190561.13209618363, 189828.6056000185, 191696.32173393934, 192271.56523513715, 197380.42350383132, 203008.88503978233, 198373.20954433366, 200144.22415452302, 197670.71571087957, 199663.75937861888, 200250.64679485207, 190181.89457661984, 191889.17077822247, 192102.44277309076, 183477.069129078, 190401.2101863002, 189889.86653566363, 188893.90920732092, 172460.4340428587, 183920.98928709122, 187177.7286092846, 189852.083723822, 192175.8261445453, 201106.26075835282, 204772.30975362242, 202034.13141449398, 195109.1159064326, 200900.7898480856, 194394.96623178455, 189730.00359283207, 192919.8010569028, 189063.44876123994, 188161.34439321305, 161016.09598513655, 184257.04027198674, 190042.4977206419, 184342.28000756455, 189526.50884084898, 189026.07529401893, 191627.77438220932, 220006.030480576, 203170.96971157732, 199937.60401048395, 201298.02717143644, 196189.71229688864, 168816.7934209698, 127172.00543501705, 69703.21610281363, 59281.28675567802, 59223.828588449396, 63052.537435584374, 57869.084224111735, 58755.18113558039, 63462.85421775833, 74351.69864395214, 77647.37057242406, 84234.61080250842, 94749.67633197695, 112923.49999785416, 132260.13713196592, 149431.07028167942, 172994.18752201032, 182521.37274266212, 189485.25162615185, 196933.30205959748, 196127.69569626098, 189750.8614935823, 194440.20539387577, 189041.12677292092, 186918.91112421596, 184396.22726741576, 187091.24267592304, 188178.9082018063, 190079.1681169335, 197866.81836856663, 200927.233622617, 195770.46415839053, 203759.96714654256, 202836.88339382474, 193661.4677456974, 204433.23157378033, 202169.88671864473, 196239.0648428896, 198418.8753917888, 193803.54529277296, 192104.03171700548, 185856.96763204352, 188569.34355020587, 180889.18563575714, 184708.7994278549, 185449.65874653784, 184119.1860525869, 190011.28211292072, 187009.27928347437, 201750.26034392824, 204157.06218301464, 198893.02649803372, 200157.90591152012, 204401.96705890656, 198174.31186381367, 196232.3742835508, 197621.25939609646, 188799.34508951113, 190694.08678479356, 190779.10922935026, 188442.1143018976, 187321.30093295706, 185725.63837638375, 168805.99622432463, 186023.4134373151, 192191.46087168844, 188769.87970921668, 192339.99383862343, 199460.65580246772, 199472.16967622994, 204111.6297911825, 162534.1180990488, 203376.91799833617, 197370.44521655687, 191637.3914099184, 192564.18640232604, 188974.13516721342, 187617.93041528517, 184252.4954271389, 191963.82678763554, 185713.5370403567, 191344.86443992463, 191432.24327530348, 189210.77010152154, 195152.61468741918, 198101.8793972198, 200415.49466561066, 197684.94390041655, 200672.37030562854, 192591.37269040107, 201464.36923880246, 193735.61159064298]","[0, 0, 0, 617, 29520, 53829, 78937, 104355, 129880, 155994, 180866, 206052, 231133, 254836, 278916, 303326, 326635, 349431, 372950, 396804, 420102, 444560, 468234, 491887, 516698, 541601, 566518, 591535, 616700, 642226, 666389, 691031, 714779, 738244, 761693, 803361, 826737, 850111, 874405, 898435, 922417, 946811, 971802, 996470, 1021100, 1045769, 1070403, 1095121, 1119836, 1143304, 1167814, 1191229, 1214212, 1237327, 1260525, 1284156, 1307837, 1331821, 1356758, 1370957, 1385561, 1410769, 1435499, 1459670, 1484288, 1509006, 1533770, 1557483, 1581321, 1605245, 1627637, 1650587, 1673273, 1695398, 1718174, 1741030, 1763991, 1787281, 1810789, 1836113, 1860828, 1885761, 1910011, 1934252, 1958390, 1981641, 2005473, 2029499, 2052391, 2075766, 2098284, 2121592, 2144463, 2167401, 2190762, 2214176, 2237888, 2262571, 2286803, 2311996, 2336339, 2361067, 2385445, 2409058, 2432373, 2473988, 2496831, 2515277, 2523968, 2547618, 2570286, 2594289, 2636567, 2660777, 2685191, 2709783, 2733919, 2757971, 2771851, 2787814, 2812099, 2836437, 2860291, 2883845, 2907350, 2929965, 2953191, 2976703, 3000101, 3023983, 3048048, 3072173, 3096425, 3121163, 3146342, 3170280, 3195716, 3220846, 3245668, 3270914, 3294931, 3318479, 3341924, 3365028, 3387488, 3410640, 3433666, 3456811, 3480642, 3504760, 3528423, 3554007, 3579094, 3603623, 3629106, 3653536, 3678143, 3702603, 3726186, 3750761, 3774102, 3797091, 3819668, 3842976, 3865882, 3889209, 3913594, 3937225, 3961239, 3986899, 4011378, 4036697, 4061243, 4085884, 4110351, 4134583, 4158271, 4181847, 4205073, 4248125, 4271923, 4285352, 4299649, 4323486, 4347767, 4371055, 4395451, 4420412, 4445517, 4470426, 4494996, 4519621, 4543923, 4568103, 4609144, 4634594, 4657980, 4662427, 4685624, 4709737, 4732269, 4756562, 4780729, 4804012, 4832715, 4857823, 4883051, 4908231, 4934862, 4960531, 4986547, 5010466, 5037451, 5060600, 5084252, 5107431, 5130054, 5153366, 5178104, 5201622, 5224860, 5248847, 5274089, 5297509, 5324270, 5348962, 5374807, 5399597, 5423998, 5448335, 5472420, 5495974, 5519162, 5542214, 5564801, 5587798, 5611233, 5632880, 5658143, 5683262, 5707000, 5732427, 5756844, 5781424, 5806255, 5830673, 5855564, 5879868, 5905162, 5927240, 5950610, 5973681, 5998230, 6019623, 6042529, 6066358, 6090330, 6113414, 6139398, 6163181, 6187593, 6212850, 6238937, 6261421, 6287354, 6309541, 6335170, 6357117, 6381877, 6421804, 6445334, 6464080, 6473141, 6498363, 6522309, 6545825, 6570217, 6594894, 6620100, 6644556, 6669317, 6694527, 6716991, 6741077, 6783329, 6806772, 6829257, 6852336, 6876021, 6898146, 6921747, 6945027, 6967769, 6991755, 7016147, 7040949, 7065858, 7090519, 7097672, 7123067, 7147167]","[0, 0, 0, 4936.513153012923, 231218.92832627153, 194474.31831453223, 200860.83932890993, 203365.91576812917, 204309.94137231764, 208819.89489613584, 198947.9671610374, 201447.51169672958, 200798.80362115064, 189635.93616083777, 192624.2017351635, 195272.3647242034, 186487.47280324352, 182365.478199545, 188149.75708011293, 190825.2665492417, 186390.93249356007, 195657.1427002008, 189371.5471880731, 189252.96795402205, 198492.54313376924, 199225.23497393355, 199327.39827273192, 200145.0187569964, 201318.99203805142, 204200.25906343674, 193311.09769941465, 197112.59633803932, 189995.77761606697, 187723.35675519862, 187578.53861519738, 189040.68933637967, 187127.96915556415, 186868.85548864113, 194321.05172763966, 192243.66675694956, 191868.07665735186, 195163.7257258613, 199927.42800304032, 197433.01258153716, 196940.97319782394, 197360.09334184046, 197062.50936057785, 197750.5063404739, 197721.6027771221, 187746.8200267939, 196070.41689980877, 187322.05440867014, 183860.84381943822, 184927.4071417808, 185591.7877413374, 189040.83373533154, 189447.23214842164, 191859.7408956146, 199627.7428570338, 175500.53668667344, 198087.12688671905, 201661.16329368728, 197826.36917574602, 193370.6739833572, 196958.79197012677, 197747.34741155297, 198103.49832017478, 189693.59791004198, 190708.9106031287, 191389.5359356545, 179133.86455792715, 183599.82490556248, 181483.0673414047, 177000.6752039917, 182213.30005040317, 182851.1388478272, 183676.08863255786, 186349.2343607448, 188050.4599135175, 202574.80605531795, 197735.36887413333, 199469.61175684625, 193990.65730267164, 193951.3057637465, 193096.8180924362, 185990.35126500047, 190661.7276195717, 192201.67622582454, 183145.5190341829, 186994.73920363758, 180132.66199904258, 186485.43048703545, 182951.3375427863, 183501.4624908389, 186888, 187312, 189702.24153836543, 197464.3766334088, 193860.29845041176, 201546.83509809274, 194736.19997367964, 197817.6801030317, 195042.13565085025, 188891.3000749061, 186537.74515159498, 188849.84989714046, 182549.7991971927, 171816.02135704513, 184272.8606953448, 189213.62383708925, 181323.50855659108, 192052.61807019563, 191853.0068722067, 193529.81071141586, 195438.27547419906, 196651.23136465377, 193074.650550685, 192536.95806228975, 183956.77805926773, 201579.80745443064, 194286.57765722927, 194692.67392243454, 190835.8218996619, 188445.20907866218, 188019.11050188687, 180926.03905808166, 185813.71488600262, 188085.10315512022, 187188.105879245, 191065.56625197243, 192509.62708098404, 193026.96843230756, 193990.6544650443, 197905.3211605531, 201428.63829691868, 191494.5948909408, 203503.4290414894, 201050.8810782444, 198569.23000910488, 201962.79961815863, 192150.0185131228, 188371.15540160064, 187575.96560948432, 184807.36961564657, 179707.5497327991, 185188.5813605726, 184228.2487045891, 185145.21241041244, 190658.86413109954, 192939.35396701083, 189299.3062229521, 204663.60715569716, 200707.00602421418, 196239.4859423043, 203860.11167694707, 195431.79935534322, 196853.4186568198, 195689.75111913297, 188654.1946510234, 196609.46882073922, 186719.00750934676, 183916.82341064815, 180606.6129260974, 186487.29810719684, 183256.7820561393, 186612.6631055515, 195072.18651596672, 189039.70701358546, 192108.51902974932, 205272.8056949527, 195829.24532950533, 202568.4206655088, 196358.777330605, 197135.6611310874, 195746.40731640614, 193862.00863960342, 189481.45722600084, 188606.47111224703, 185805.03194209572, 195370.32916892524, 190337.75772115757, 179307.01256415583, 179373.40502769902, 190705.32087678427, 194258.0966131834, 186284.4579826564, 195151.57570023008, 199698.18891630843, 200859.92171464761, 199250.43272770444, 196557.09450248262, 197004.6969579925, 194418.96659800108, 193458.35737853925, 186235.62956147027, 203513.29234756826, 187041.6220343314, 150018.5583167614, 185601.22294451675, 192890.29538821563, 180301.26549161974, 194342.47094975915, 193305.39783473915, 186221.0222021361, 229646.99588639077, 200851.11849430203, 201809.46923167515, 201474.0569272903, 213019.45725846785, 205382.16362495255, 208056.0239842412, 191415.75499003436, 215826.43323016344, 185241.50898446358, 189253.63139929462, 185371.4073010898, 180969.15763515796, 186516.14441810164, 197903.19787541297, 188142.47487350804, 185909.76216437374, 191875.0938096354, 201942.25908224122, 187411.205931186, 214109.5931792056, 197547.63345944035, 206680.02447135042, 198300.37942470043, 195173.61210171148, 194743.3590436517, 192670.72087154005, 188439.95218265924, 185505.10569659292, 184375.47022830235, 180739.3501687693, 183963.4559525484, 187538.70779116865, 173138.8071629396, 202082.36709431998, 200959.23477469705, 189890.87068164404, 203423.95400821147, 195286.78608205586, 196694.305077858, 198633.65054032474, 195384.48087927914, 199135.16910613418, 194450.497883953, 202372.4094717995, 176484.38799301127, 187097.8821262484, 184553.65566736518, 196367.23349129752, 171126.21134468407, 183312.90222449382, 190581.4727616999, 191827.7723651689, 184586.40282976534, 207952.66630079065, 190268.71781412428, 195300.93571738864, 201989.30116698353, 208730.68639574476, 179841.42831554674, 207464.3957069315, 177522.28358318927, 205013.91472328958, 175559.50848046748, 198108.1506676192, 181194.68976331435, 187856.208112879, 183571.2758095376, 173457.828508574, 201688.62716399264, 191591.38762055914, 188090.0170010567, 195156.28659366484, 197388.93981542732, 201664.34737923357, 195639.97719667485, 198163.73520363125, 201641.25153333286, 179750.65601819239, 192693.42111961654, 191729.23941632293, 187138.11729501895, 179889.52135890524, 184612.4573223469, 189507.4707179538, 176970.97110077922, 189204.38015948806, 185844.14609879337, 181838.7142346519, 192046.05792616872, 195173.31942228714, 198407.57987851658, 199212.48756434486, 197335.5659983693, 211256.87607030195, 210672.7468321758, 192775.7324250411]"
31-3,"[0, 0, 0, 0, 0, 0, 0, 0, 0, 0, 0, 0, 0, 0, 0, 0, 0, 0, 0, 0, 0, 0, 0, 0, 0, 0, 0, 0, 0, 0, 0, 0, 0, 0, 0, 0, 0, 0, 0, 0, 0, 0, 0, 0, 0, 0, 0, 0, 0, 0, 0, 0, 0, 0, 0, 0, 0, 0, 0, 0, 20431, 47037, 72273, 97404, 121901, 146788, 171203, 195044, 219196, 243293, 266114, 289640, 313292, 336155, 359804, 383983, 407916, 431906, 456933, 482432, 507459, 532036, 556436, 580703, 604921, 628896, 652730, 676580, 699693, 723311, 746569, 769871, 793363, 817148, 841031, 865011, 889621, 914643, 939413, 964936, 989596, 1014424, 1039308, 1063198, 1086854, 1128830, 1151882, 1171888, 1179714, 1203224, 1225784, 1249771, 1291638, 1315749, 1340534, 1365624, 1390623, 1415140, 1431544, 1446418, 1471321, 1495284, 1518967, 1542889, 1566107, 1588733, 1612105, 1635329, 1658622, 1683184, 1706491, 1730672, 1755399, 1780046, 1804901, 1829821, 1855134, 1880146, 1904760, 1929672, 1952916, 1976804, 2000178, 2023255, 2046804, 2070057, 2093772, 2118118, 2142203, 2167236, 2191790, 2217588, 2242126, 2266925, 2291827, 2316285, 2340917, 2365316, 2389604, 2414131, 2437549, 2461074, 2484605, 2507863, 2531731, 2555617, 2579581, 2603758, 2628864, 2654666, 2679618, 2704763, 2729765, 2755123, 2780394, 2804576, 2828837, 2852984, 2876122, 2918850, 2942802, 2957019, 2971051, 2994158, 3017752, 3041723, 3065916, 3091202, 3116870, 3142353, 3167042, 3192372, 3216788, 3240600, 3283286, 3307083, 3397196, 3409019, 3477626, 3553207, 3623412, 3696764, 3768301, 3839704, 3914779, 3988072, 4063392, 4139481, 4214959, 4291638, 4366477, 4439315, 4512598, 4585105, 4654287, 4723646, 4794953, 4866658, 4936084, 5011563, 5083714, 5156802, 5230097, 5304911, 5379638, 5454313, 5529928, 5604155, 5677968, 5752881, 5823450, 5896029, 5968084, 6037490, 6106239, 6176829, 6246911, 6318275, 6391601, 6465860, 6538785, 6614825, 6690118, 6762978, 6838159, 6913190, 6987299, 7060689, 7133212, 7204976, 7274211, 7344307, 7412603, 7481723, 7547783, 7617698, 7689517, 7759479, 7831634, 7908461, 7986514, 8061748, 8136992, 8210104, 8283297, 8356688, 8427597, 8499410, 8570886, 8695646, 8765737, 8823925, 8850479, 8920667, 8994260, 9064311, 9136811, 9211425, 9285980, 9362013, 9436065, 9510840, 9584925, 9657268, 9784546, 9854748, 9925031, 9993819, 10064943, 10134565, 10202932, 10274324, 10345888, 10417796, 10491046, 10566008, 10639760, 10713663, 10733307, 10806433, 10879240]","[0, 0, 0, 0, 0, 0, 0, 0, 0, 0, 0, 0, 0, 0, 0, 0, 0, 0, 0, 0, 0, 0, 0, 0, 0, 0, 0, 0, 0, 0, 0, 0, 0, 0, 0, 0, 0, 0, 0, 0, 0, 0, 0, 0, 0, 0, 0, 0, 0, 0, 0, 0, 0, 0, 0, 0, 0, 0, 0, 0, 277086.86999906227, 212863.32667271022, 201837.1353387706, 201056.24491360786, 195978.94367634098, 199127.04903461185, 195329.0345937517, 190683.53767684748, 193219.45503309427, 192778.16020906682, 182571.4387454178, 188232.86252923994, 189178.56394193845, 182910.19250472443, 189178.0178981904, 193437.995497564, 191455.96618794225, 191975.8859245095, 200173.90639270822, 203980.37678192832, 200222.014817683, 196649.42891760307, 195168.77712024507, 194147.43322372585, 193767.28365110402, 191762.18983388122, 190673.54564393804, 190803.4573227779, 184907.13005596018, 188933.59454051522, 186062.49173433328, 186463.61279327908, 187882.20167631787, 190291.79596589832, 191052.33909063166, 191845.76318887752, 196897.55706938362, 200173.8046429125, 198168.92971222772, 204172.1224637315, 197263.02174786307, 198623.62115550775, 199102.04827417314, 191093.43838820927, 189258.06234834282, 190509.358435554, 184163.87974417422, 186342.87729361586, 166055.27239890653, 188076.9508093226, 180460.55263285874, 191948.39985414338, 189995.46178947642, 192610.67725945238, 198499.30832738616, 200552.55027983667, 199983.9897770208, 196351.39038351882, 217375.22862104196, 187859.37122625922, 199221.3876055912, 191726.21559066226, 189437.1266283169, 191403.56303598254, 185728.94438145406, 180975.2507726344, 186992.80762493005, 185778.44633184015, 186334.31522733698, 196507.43164952338, 186466.22511286163, 193493.2558717752, 197772.3366928631, 197202.98767541067, 198831.4670791449, 199338.0905581123, 202501.34459544354, 200136.46338103942, 196906.08479531188, 199277.0429715763, 185979.18096683803, 191090.78771771476, 186979.82980596137, 184588.71418504842, 188435.8933057212, 185984.57980264554, 189760.5824762538, 194745.99167631756, 192675.59000572193, 200264.19098681543, 196429.23688960637, 206367.9109642779, 196314.81197776005, 198406.85341834388, 199204.88636984574, 195673.93694032865, 197022.31979863747, 195230.68024236712, 194281.81253142297, 196225.2631821895, 187349.62812164862, 188189.23172578475, 188236.9148430905, 186111.47850465775, 190949.9183810686, 191074.05998459927, 191710.08029571237, 193408.25316368783, 200819.03321192425, 206409.20877294286, 199635.18148473222, 201161.58270173767, 200007.60734679864, 202870.48132431446, 202194.70666396423, 193469.33061135927, 194034.2905379976, 193182.35604027117, 185136.79605852877, 193891.4135336719, 191411.9606942501, 190076.047313079, 176063.59863542387, 184861.11262156107, 188766.04166340805, 191751.86182612786, 193536.24803694006, 202257.47551202794, 205373.37889750922, 203828.47596170235, 197487.3276444231, 202681.36449050996, 195342.06509963513, 190514.85024615578, 193690.97661597515, 190396.5181184267, 720829.756822837, 398948.9616189896, 548906.5156314453, 604635.3142462602, 561746.0731148497, 586749.1316745423, 572253.1591634804, 571148.0158574942, 600616.8973908167, 586329.8810143513, 602540.1753654003, 608761.7830609297, 603770.3066281385, 613524.592493784, 598635.3562502131, 582709.2792912992, 586221.79061776, 580116.9950053209, 553537.8236948707, 554781.6594158695, 570460.6242859901, 573653.1298781558, 555442.4312267588, 603724.6213818667, 577258.6475406396, 584654.3762822255, 586403.3409299108, 598657.4429469974, 597814.289639598, 597400.5697255799, 604823.2410634152, 593797.0293193033, 590389.9844476217, 599374.7365261508, 564562.7681802403, 580623.8325409603, 576456.2176689351, 555205.1117267134, 550076.8531064892, 564665.2069427429, 560777.6668312112, 570815.5100468104, 586640.8685293447, 593998.3574729238, 583419.7519313751, 608265.3267983906, 602440.3777288094, 582813.0244355731, 601479.2620351609, 600243.7067224499, 592955.6920189083, 587075.3496750483, 580236.2921844592, 573955.3163554127, 554047.8931408363, 560673.7590961069, 546413.8568758059, 552943.3891708766, 528549.1827538805, 559180.2817212953, 574680.2455229305, 559556.5879224828, 577369.9470019268, 614637.5415283691, 624437.6967344522, 601734.7042503434, 601970.8012540255, 584873.1310821777, 585546.9317106166, 587186.0983712254, 567192.6204251791, 574518.9303825883, 571835.4035730644, 566158.7641113646, 560274.6298833312, 569228.8755382625, 507977.30665486905, 561294.0318298481, 588849.4348768216, 560338.5305395412, 579985.4806720088, 596906.0228335955, 596398.7641616805, 608306.6392917518, 592581.4417200695, 598104.7436788613, 592733.4184532583, 578749.2434137462, 577553.4585251979, 561154.1583798582, 562124.2162462366, 550340.2143276106, 568961.3428841849, 557120.3838732888, 547350.2021039672, 570603.6656380554, 572427.9298885318, 575388.1508189419, 586088.5916154585, 599658.8278505227, 589910.9376415209, 591334.6733604879, 581425.817464917, 605587.8309004859, 582469.3316650009]","[0, 0, 0, 0, 0, 0, 0, 0, 0, 0, 0, 0, 0, 0, 0, 0, 0, 0, 0, 0, 0, 0, 0, 0, 0, 0, 0, 0, 0, 0, 0, 0, 0, 0, 0, 0, 0, 0, 0, 0, 0, 0, 0, 0, 0, 0, 0, 0, 0, 0, 0, 0, 0, 0, 0, 0, 0, 0, 0, 314, 19912, 46344, 71270, 95730, 120902, 146031, 170301, 194643, 218744, 242041, 265005, 288368, 310819, 333588, 356590, 379275, 402809, 426317, 450345, 476377, 500868, 526204, 550639, 574595, 598459, 622303, 645498, 668789, 691787, 714264, 737299, 760412, 782920, 806451, 830050, 853433, 877822, 901961, 926685, 952005, 975779, 1000602, 1024832, 1047847, 1071274, 1112115, 1134633, 1155723, 1163366, 1186535, 1209575, 1233944, 1274745, 1298545, 1323386, 1347561, 1372008, 1396219, 1413266, 1427463, 1451434, 1475685, 1499407, 1522425, 1545417, 1568309, 1591341, 1614249, 1637860, 1661772, 1685486, 1709825, 1734068, 1758824, 1783451, 1808086, 1833331, 1857921, 1883036, 1907894, 1931292, 1955356, 1978642, 2000878, 2023894, 2047060, 2069710, 2093281, 2116773, 2140452, 2164804, 2190226, 2214807, 2239569, 2263889, 2288234, 2312752, 2336002, 2359723, 2384269, 2406626, 2429536, 2452689, 2474868, 2497645, 2521339, 2544746, 2568445, 2592715, 2618044, 2642446, 2667448, 2692198, 2716729, 2740572, 2764437, 2788508, 2811358, 2834623, 2876410, 2900271, 2914255, 2929325, 2952539, 2976496, 3000484, 3024681, 3049740, 3074106, 3099405, 3123732, 3148320, 3172773, 3196178, 3237664, 3261199, 3284662, 3289951, 3313340, 3337910, 3361354, 3385891, 3410112, 3433802, 3458398, 3483438, 3508898, 3533761, 3558766, 3584624, 3609494, 3634229, 3658106, 3681993, 3704826, 3728308, 3751781, 3774735, 3798428, 3822621, 3846027, 3870599, 3894843, 3919740, 3945337, 3970504, 3995975, 4020933, 4045472, 4070339, 4094584, 4118591, 4141935, 4165329, 4187981, 4211153, 4234916, 4258358, 4282629, 4307881, 4331651, 4356968, 4381712, 4406491, 4431406, 4455705, 4480546, 4505169, 4528839, 4552913, 4576602, 4599608, 4622629, 4646163, 4669325, 4693136, 4717492, 4740948, 4765469, 4791076, 4818705, 4844269, 4869256, 4894027, 4918788, 4943397, 4968056, 4992509, 5016392, 5058276, 5082397, 5102163, 5111410, 5135487, 5159657, 5183709, 5208682, 5233919, 5259582, 5284774, 5310144, 5335806, 5360296, 5385083, 5427582, 5451281, 5474634, 5498183, 5521976, 5544887, 5568718, 5592279, 5615609, 5640039, 5664748, 5690421, 5715753, 5741198, 5749398, 5773395, 5798160]","[0, 0, 0, 0, 0, 0, 0, 0, 0, 0, 0, 0, 0, 0, 0, 0, 0, 0, 0, 0, 0, 0, 0, 0, 0, 0, 0, 0, 0, 0, 0, 0, 0, 0, 0, 0, 0, 0, 0, 0, 0, 0, 0, 0, 0, 0, 0, 0, 0, 0, 0, 0, 0, 0, 0, 0, 0, 0, 0, 0, 265789.65680787154, 211471.22643813712, 199357.76016223634, 195688.02477365997, 201379.0247875599, 201063.35095394228, 194168.9809375529, 194690.6033358425, 192811.4477373553, 186378.0884919546, 183715.46029314116, 186928.6902690909, 179572.4648681067, 182158.1670445729, 184002.40042683308, 181485.62504083043, 188264.10012397246, 188118.76308100746, 192183.58663859003, 208244.13382435226, 195933.8859991159, 202722.4612872357, 195448.73233332738, 191659.28669829713, 190934.9433086938, 190714.39642957514, 185561.50420454572, 186331.37628951026, 183987.11448219497, 179806.097234616, 184278.50619573338, 184951.22661106597, 180012.45510516613, 188259.66999678593, 188780.47775404333, 187069.61970998847, 195129.39940533103, 193109.8821147496, 197800.91312899147, 202548.2169330283, 190175.63175319126, 198583.62123180155, 193869.25854698665, 184094.4112392062, 187425.96494059128, 185358.12625944495, 179897.72011449398, 196439.632216453, 162172.3034685462, 185348.99503620566, 184300.13885908978, 195005.2343371668, 185157.87700270923, 190126.25435589426, 198947.8038394432, 193238.65695556204, 195568.1666498191, 193900.70206694843, 225895.8499331201, 179308.82703369652, 191765.48537500008, 194030.48258937322, 189749.0823745697, 184170.52144311706, 183921.09093024343, 183102.86576006128, 184272.56311900518, 183250.63075136903, 188878.18300917244, 191307.1291264312, 189722.40366955852, 194757.55157616048, 193901.19134731588, 198075.10702691876, 197007.54535337363, 197058.34112757212, 201957.3517288339, 196759.78068686067, 200913.964395639, 198845.08406340092, 187211.36105068304, 192498.69037337106, 186275.87562512263, 177861.70856778335, 184170.89983967383, 185288.72729145, 181238.75998680785, 188546.69226166437, 187931.69858477972, 189432.1806566054, 194813.2596210676, 203360.1454583252, 196658.8309244975, 198110.8312571084, 194549.14611335026, 194769.89103002296, 196110.4756748536, 186036.85870876003, 189746.33049480748, 196377.2703579738, 178861.3731281791, 183269.51323433488, 185213.09291411642, 177477.27585152653, 182221.64785342716, 189538.17203697126, 187254.12491577948, 189584.40632527764, 194131.99777158455, 202625.3332691214, 195234.7586802836, 200017.57370088866, 197991.69193797561, 196254.26994900065, 190769.19753824142, 190933.1558613882, 192514.71116360166, 182806.01464033613, 186152.9760697412, 189621.33723393438, 190684.73589368328, 186960.92323458512, 189087.68753106025, 185717.13629622705, 191670.2576981549, 191887.85038109194, 193568.24675525312, 200441.7495395044, 194955.88866357759, 202356.7324630188, 194591.68940037588, 196744.15278691903, 195638.08641388346, 187258.52805355602, 188245.8852056961, 188300.29221822802, 187684.66907476418, 178469.17516728715, 187129.2214220688, 196555.8760936031, 187587.42166661262, 196273.6318559582, 193753.4949480501, 189494.7900741431, 196773.53590708663, 200315.17635516837, 203673.29878920724, 198920.26721660024, 200022.21199868308, 206895.22441221547, 198934.53025752347, 197881.79279044294, 191002.24737770366, 191116.09444180698, 182691.0052965364, 187825.41453024765, 187785.52223295113, 183636.203099131, 189555.75033929068, 193509.58233537144, 187264.43021352735, 196559.3166320989, 193966.3360052494, 199224.40127584938, 204775.41413284073, 201336.1920091553, 203735.406640564, 199657.6213204248, 196274.09573327447, 198959.48064015314, 193963.69956397178, 192053.2984446029, 186757.25411510124, 187137.5440701774, 181243.9581167463, 185358.0135327559, 190145.25408678508, 187504.30450251285, 194178.87952534878, 201990.95763350264, 190166.43816810127, 202517.79692996916, 197983.6732036399, 198209.2222411346, 199330.360245355, 194390.60961001198, 198756.05318438652, 196969.01941747803, 189377.0670822518, 192539.43879856484, 189569.44523164973, 184017.06947279494, 184183.45729087983, 188266.34433951695, 185320.2569019888, 190440.41604899897, 194891.4919444227, 187601.25963108195, 196212.16090962855, 204863.17994867623, 221036.84833480042, 204465.34784081372, 199902.24351356036, 198160.25180595013, 198088.99179001513, 196891.48117367915, 197244.39531039065, 195629.08393529628, 191073.1566334923, 190068.88166111248, 192811.97796315982, 193362.51381537938, 176894.86158912306, 192543.97339099634, 193394.62776314022, 192392.14767151137, 199778.9987423735, 201893.97831843153, 205289.80597788485, 201550.12766874663, 203016.67985251124, 205263.30902423186, 195937.65833731927, 198297.796559398, 192849.0739472838, 189436.09013196576, 186777.5539177093, 188404.39767402603, 190333.74432320188, 183335.51341416387, 190792.38033465916, 188312.31743190024, 186612.5929838948, 195482.17895792887, 197701.88409865345, 205371.26927518568, 202619.91366112116, 203598.1051331829, 242704.72934291992, 198729.46938324207, 198124.5347107249]"
32-2,"[0, 0, 0, 0, 0, 0, 0, 0, 0, 0, 0, 0, 0, 0, 0, 0, 0, 0, 0, 0, 0, 0, 0, 0, 0, 0, 0, 0, 0, 0, 0, 0, 0, 0, 0, 0, 0, 0, 0, 0, 0, 0, 0, 0, 0, 0, 0, 0, 0, 0, 0, 0, 0, 0, 0, 0, 0, 0, 0, 0, 0, 0, 0, 0, 0, 0, 0, 0, 0, 0, 0, 0, 0, 0, 0, 0, 0, 0, 0, 0, 0, 0, 0, 0, 0, 0, 0, 0, 0, 0, 0, 0, 0, 0, 0, 0, 0, 0, 0, 0, 0, 0, 0, 0, 0, 0, 0, 0, 0, 0, 0, 0, 0, 0, 0, 0, 0, 0, 0, 0, 0, 0, 0, 0, 0, 0, 0, 0, 0, 0, 0, 0, 0, 0, 0, 0, 0, 0, 0, 0, 0, 0, 0, 0, 0, 0, 0, 0, 0, 0, 0, 0, 0, 0, 0, 0, 0, 0, 0, 0, 0, 0, 0, 0, 0, 0, 0, 0, 0, 0, 18691, 46004, 71394, 95816, 119744, 143061, 166074, 189460, 211871, 234617, 257393, 280118, 303792, 327253, 351326, 377134, 401402, 426724, 451281, 475265, 499430, 523574, 546783, 570083, 593405, 616038, 639071, 662334, 684922, 708371, 731935, 755155, 779771, 803984, 828695, 853774, 877898, 904659, 928852, 951799, 974899, 1015593, 1038161, 1059244, 1066865, 1089901, 1112991, 1137404, 1178378, 1202371, 1227091, 1251232, 1275781, 1299960, 1316965, 1331360, 1355126, 1379435, 1402961, 1426040, 1449240, 1472054, 1495987, 1518985, 1542648, 1566742, 1590441, 1614750, 1638944, 1663907, 1688283, 1713248, 1738298, 1762782, 1787837, 1812731, 1835867, 1859886, 1883034, 1905161, 1928316, 1951259, 1973936, 1997539, 2020989, 2044715, 2068935, 2094431, 2118994, 2143942, 2168316, 2192754, 2217292, 2240666, 2264417, 2288845, 2311025, 2333975, 2357121, 2379284, 2402040, 2425547, 2448911, 2472557, 2496848, 2522010, 2546345, 2571520, 2596112, 2620610, 2644407, 2667907, 2691887, 2714670, 2738103, 2779870, 2803736, 2817813, 2832842, 2856392, 2879962, 2903881, 2928365, 2953611, 2978056, 3003363, 3027897, 3052677, 3077173, 3100915, 3142544]","[0, 0, 0, 0, 0, 0, 0, 0, 0, 0, 0, 0, 0, 0, 0, 0, 0, 0, 0, 0, 0, 0, 0, 0, 0, 0, 0, 0, 0, 0, 0, 0, 0, 0, 0, 0, 0, 0, 0, 0, 0, 0, 0, 0, 0, 0, 0, 0, 0, 0, 0, 0, 0, 0, 0, 0, 0, 0, 0, 0, 0, 0, 0, 0, 0, 0, 0, 0, 0, 0, 0, 0, 0, 0, 0, 0, 0, 0, 0, 0, 0, 0, 0, 0, 0, 0, 0, 0, 0, 0, 0, 0, 0, 0, 0, 0, 0, 0, 0, 0, 0, 0, 0, 0, 0, 0, 0, 0, 0, 0, 0, 0, 0, 0, 0, 0, 0, 0, 0, 0, 0, 0, 0, 0, 0, 0, 0, 0, 0, 0, 0, 0, 0, 0, 0, 0, 0, 0, 0, 0, 0, 0, 0, 0, 0, 0, 0, 0, 0, 0, 0, 0, 0, 0, 0, 0, 0, 0, 0, 0, 0, 0, 0, 0, 0, 0, 0, 0, 0, 0, 149533.20511816675, 218504.41676410058, 203103.3422780648, 195389.32315121204, 191407.57135637084, 186538.57950725828, 184090.5694727281, 187096.74303856745, 179292.36015623473, 181968.86769517753, 182203.6559263247, 181801.64710583448, 189380.98292545465, 187722.01487620018, 192565.6814167773, 206445.83762691394, 194177.00862482775, 202562.23603885862, 196449.34912119503, 191890.75763192872, 193318.84772987527, 193133.4432197529, 185673.32803913145, 186413.24442549676, 186561.58856136946, 181071.5980666303, 184255.03831581678, 186122.54878077278, 180693.35907848063, 187583.18950645142, 188511.82022111872, 185760, 196929.4085488931, 193711.29713081042, 197673.9555152074, 200639.84514775377, 192998.99421098712, 214074.21939677306, 193557.1982228021, 183554.73125090887, 184839.70636735845, 184668.03249431477, 180352.8243824948, 196372.14231612772, 161600.44784319625, 184304.03865006144, 184700.5801020086, 195316.34026674525, 185939.59371056833, 191807.44884818536, 197886.44187551172, 193036.68931017126, 196382.7762034149, 193546.57828375782, 225624.78223545215, 181587.4382660818, 190122.28858557658, 194468.4762677678, 188216.4363675206, 184644.59049245855, 185585.4869747811, 182518.96254587348, 191461.7175984669, 183979.17495411754, 189293.07830120352, 192750.4375202952, 189603.5724836721, 194494.95374920507, 193540.55637121675, 199695.0015212804, 195008, 199710.66751221838, 200418.2054844593, 195870.2721328571, 200438.9486558746, 199146.87212605725, 185094.97255269607, 192135.5088769923, 185196.9813939404, 177007.64402162642, 185247.77330591722, 183545.6629064537, 181416, 188817.60749715217, 187610.6904399431, 189794.51533947678, 193764.2963217635, 203959.63602414224, 196519.08692407358, 199585.23720554527, 194993.5341726846, 195489.5048093806, 196286.9653607866, 187017.9505384477, 189991.14935980752, 195448.04479768648, 177424.6869142859, 183604.8152279079, 185157.05206944628, 177326.32272586806, 182056.59432355786, 188053.93756458093, 186898.72108200015, 189165.7449685935, 194317.48334009212, 201295.76003675457, 194677.49360450395, 201395.77454849237, 196742.89535274907, 195988.71946255345, 190404.9172964854, 187973.69276102763, 191830.7613244563, 182261.8272697059, 187471.3302503016, 189542.6287051596, 190853.96640507196, 187987.8292409577, 188567.32551103627, 188384.72909739183, 188572.22888142007, 191353.55115622026, 195850.6139533065, 201970.21505877798, 195569.4187313518, 202448.51853933962, 196269.2391402461, 198234.42299320383, 195975.66277520542, 189949.31450902598, 188912.30916087882]","[0, 0, 0, 0, 0, 0, 0, 0, 0, 0, 0, 0, 0, 0, 0, 0, 0, 0, 0, 0, 0, 0, 0, 0, 0, 0, 0, 0, 0, 0, 0, 0, 0, 0, 0, 0, 0, 0, 0, 0, 0, 0, 0, 0, 0, 0, 0, 0, 0, 0, 0, 0, 0, 0, 0, 0, 0, 0, 0, 0, 0, 0, 0, 0, 0, 0, 0, 0, 0, 0, 0, 0, 0, 0, 0, 0, 0, 0, 0, 0, 0, 0, 0, 0, 0, 0, 0, 0, 0, 0, 0, 0, 0, 0, 0, 0, 0, 0, 0, 0, 0, 0, 0, 0, 0, 0, 0, 0, 0, 0, 0, 0, 0, 0, 0, 0, 0, 0, 0, 0, 0, 0, 0, 0, 0, 0, 0, 0, 0, 0, 0, 0, 0, 0, 0, 0, 0, 0, 0, 0, 0, 0, 0, 0, 0, 0, 0, 0, 0, 0, 0, 0, 0, 0, 0, 0, 0, 0, 0, 0, 0, 0, 0, 0, 0, 0, 0, 0, 0, 0, 18986, 45930, 71952, 96020, 120097, 144283, 166847, 189826, 212748, 235015, 257853, 280826, 307031, 330506, 354506, 380052, 405004, 429998, 454378, 478782, 502778, 526038, 550071, 573359, 596370, 619763, 642286, 665302, 688321, 711356, 734777, 758534, 782693, 807307, 831695, 857052, 881298, 905887, 930295, 954005, 977443, 1019188, 1042007, 1060408, 1069187, 1092822, 1115611, 1139301, 1181710, 1205733, 1229948, 1254672, 1279025, 1303557, 1315895, 1327202, 1343250, 1363277, 1382554, 1402613, 1425882, 1445299, 1468206, 1492126, 1511470, 1531603, 1555229, 1574967, 1595508, 1620076, 1641026, 1661536, 1686494, 1707829, 1732223, 1753327, 1777378, 1797737, 1821156, 1841273, 1864190, 1883914, 1907178, 1930370, 1950596, 1974839, 1998741, 2019909, 2044836, 2069640, 2091202, 2115680, 2140151, 2160897, 2184346, 2208901, 2232880, 2256137, 2278971, 2298788, 2321748, 2345034, 2369497, 2393281, 2417322, 2438881, 2463118, 2484400, 2509192, 2534016, 2555136, 2579020, 2598878, 2619271, 2642714, 2679547, 2708626, 2725351, 2740353, 2766144, 2796685, 2827375, 2854608, 2887149, 2914369, 2946104, 2976612, 3003927, 3035972, 3060944, 3099463]","[0, 0, 0, 0, 0, 0, 0, 0, 0, 0, 0, 0, 0, 0, 0, 0, 0, 0, 0, 0, 0, 0, 0, 0, 0, 0, 0, 0, 0, 0, 0, 0, 0, 0, 0, 0, 0, 0, 0, 0, 0, 0, 0, 0, 0, 0, 0, 0, 0, 0, 0, 0, 0, 0, 0, 0, 0, 0, 0, 0, 0, 0, 0, 0, 0, 0, 0, 0, 0, 0, 0, 0, 0, 0, 0, 0, 0, 0, 0, 0, 0, 0, 0, 0, 0, 0, 0, 0, 0, 0, 0, 0, 0, 0, 0, 0, 0, 0, 0, 0, 0, 0, 0, 0, 0, 0, 0, 0, 0, 0, 0, 0, 0, 0, 0, 0, 0, 0, 0, 0, 0, 0, 0, 0, 0, 0, 0, 0, 0, 0, 0, 0, 0, 0, 0, 0, 0, 0, 0, 0, 0, 0, 0, 0, 0, 0, 0, 0, 0, 0, 0, 0, 0, 0, 0, 0, 0, 0, 0, 0, 0, 0, 0, 0, 0, 0, 0, 0, 0, 0, 151893.28727053202, 215552.41113359667, 208158.92763922026, 192557.1300304386, 192599.4690549708, 193490.67564277345, 180498.8315118688, 183840.59087844184, 183380.45957347786, 178136.8494226905, 182699.6441010451, 183785.66508085086, 209627.80508412348, 187834.03517406757, 191981.7369668365, 204350.02200934375, 199649.9389816508, 199938.41432569438, 195033.39705887262, 195251.0861094725, 191966.85578837522, 186062.12265123642, 192265.37518912688, 186317.23760433344, 184073.78073860184, 187151.85320428942, 180175.23674671736, 184146.3518350284, 184141.15603982404, 184271.34505868517, 187367.8213121211, 190056, 193273.38239895628, 196919.41798115755, 195090.1390920998, 202863.93211099296, 193975.029582142, 196699.33787030578, 195277.31551366733, 189658.0240536475, 187544.28735230074, 189437.43589903106, 182358.69813825542, 171391.34804150576, 186155.40370232513, 189096.45569952257, 182292.83325875588, 189531.97480519375, 192451.60906114834, 192047.2781094468, 193843.85881939792, 197698.4841764912, 194814.8498465014, 196372.2510632014, 163702.35596712783, 142633.49527437214, 128380.14336536788, 160213.0969688011, 154222.912686249, 160482.94296495628, 186137.4438110423, 155341.92582419678, 183253.81544428534, 191354.98151589232, 154743.07174316363, 161062.69438848275, 189019.53683696516, 157922.63758697643, 164318.28422010265, 196535.14390797648, 167600, 164072.33289307426, 199682.1386220014, 170678.49436180797, 195150.97639239297, 168827.65282189733, 192415.24830847568, 162858.02178386637, 187365.13337068819, 160928.40307240287, 183343.693407545, 157793.42959364047, 186112, 185529.71881006454, 161817.2206754068, 193930.22150277905, 191220.23991258428, 169337.05582675882, 199431.31049775606, 198433.23006438772, 172497.3571769683, 195809.4810837228, 195751.01187316852, 165991.0328514861, 187575.36361997924, 196464.16980543605, 191815.44488357357, 186060.87964076054, 182661.19964372835, 158555.95981855015, 183688.6713688209, 186285.95695447447, 195690.0964658864, 190269.7318080448, 192317.5915762692, 172471.7943975992, 193893.50369806297, 170252.42796190723, 198342.95143076428, 198596.78226542682, 168985.6642980952, 191045.26288954826, 158856.3493903692, 163142.05519515043, 187551.33337847568, 167151.6662220687, 232541.79540321327, 223349.8930208864, 188228.55927317624, 206311.27592997166, 244343.84566259867, 245521.9902581379, 217840.21278346662, 260330.85511477836, 217770.48794712193, 253870.61824182808, 244060.56687415944, 218513.85246405823, 256370.02423381194, 199790.004292789, 174799.13609666078]"
32-3,"[0, 0, 0, 0, 0, 0, 0, 0, 0, 0, 0, 0, 0, 0, 0, 0, 0, 0, 0, 0, 0, 0, 0, 0, 0, 0, 0, 0, 0, 0, 0, 0, 0, 0, 0, 0, 0, 0, 0, 0, 0, 0, 0, 0, 0, 0, 0, 0, 0, 0, 0, 0, 0, 0, 0, 0, 0, 0, 0, 314, 19912, 46344, 71270, 95730, 120902, 146031, 170301, 194643, 218744, 242041, 265005, 288368, 310819, 333588, 356590, 379275, 402809, 426317, 450345, 476377, 500868, 526204, 550639, 574595, 598459, 622303, 645498, 668789, 691787, 714264, 737299, 760412, 782920, 806451, 830050, 853433, 877822, 901961, 926685, 952005, 975779, 1000602, 1024832, 1047847, 1071274, 1112115, 1134633, 1155723, 1163366, 1186535, 1209575, 1233944, 1274745, 1298545, 1323386, 1347561, 1372008, 1396219, 1413266, 1427463, 1451434, 1475685, 1499407, 1522425, 1545417, 1568309, 1591341, 1614249, 1637860, 1661772, 1685486, 1709825, 1734068, 1758824, 1783451, 1808086, 1833331, 1857921, 1883036, 1907894, 1931292, 1955356, 1978642, 2000878, 2023894, 2047060, 2069710, 2093281, 2116773, 2140452, 2164804, 2190226, 2214807, 2239569, 2263889, 2288234, 2312752, 2336002, 2359723, 2384269, 2406626, 2429536, 2452689, 2474868, 2497645, 2521339, 2544746, 2568445, 2592715, 2618044, 2642446, 2667448, 2692198, 2716729, 2740572, 2764437, 2788508, 2811358, 2834623, 2876410, 2900271, 2914255, 2929325, 2952539, 2976496, 3000484, 3024681, 3049740, 3074106, 3099405, 3123732, 3148320, 3172773, 3196178, 3237664, 3261199, 3284662, 3289951, 3313340, 3337910, 3361354, 3385891, 3410112, 3433802, 3458398, 3483438, 3508898, 3533761, 3558766, 3584624, 3609494, 3634229, 3658106, 3681993, 3704826, 3728308, 3751781, 3774735, 3798428, 3822621, 3846027, 3870599, 3894843, 3919740, 3945337, 3970504, 3995975, 4020933, 4045472, 4070339, 4094584, 4118591, 4141935, 4165329, 4187981, 4211153, 4234916, 4258358, 4282629, 4307881, 4331651, 4356968, 4381712, 4406491, 4431406, 4455705, 4480546, 4505169, 4528839, 4552913, 4576602, 4599608, 4622629, 4646163, 4669325, 4693136, 4717492, 4740948, 4765469, 4791076, 4818705, 4844269, 4869256, 4894027, 4918788, 4943397, 4968056, 4992509, 5016392, 5058276, 5082397, 5102163, 5111410, 5135487, 5159657, 5183709, 5208682, 5233919, 5259582, 5284774, 5310144, 5335806, 5360296, 5385083, 5427582, 5451281, 5474634, 5498224, 5521976, 5544887, 5568718, 5592279, 5615609, 5640039, 5664748, 5690421, 5715753, 5741198, 5749398, 5773395, 5798160]","[0, 0, 0, 0, 0, 0, 0, 0, 0, 0, 0, 0, 0, 0, 0, 0, 0, 0, 0, 0, 0, 0, 0, 0, 0, 0, 0, 0, 0, 0, 0, 0, 0, 0, 0, 0, 0, 0, 0, 0, 0, 0, 0, 0, 0, 0, 0, 0, 0, 0, 0, 0, 0, 0, 0, 0, 0, 0, 0, 0, 265766.239728026, 211400.60838589285, 199377.7199803287, 195708.36959092887, 201420.90102349684, 201047.6742547706, 194109.37046735495, 194744.91471472388, 192765.0285554649, 186381.37685074782, 183756.11754855426, 186907.7432313994, 179553.76105707663, 182180.40661667043, 184000.2071355417, 181520.85437930442, 188236.18655470118, 188128.72343156618, 192175.79916841383, 208220.20698899293, 195994.02753660898, 202681.91128520443, 195456.18720253455, 191653.52894520815, 190936.8555000074, 190698.94097897472, 185557.08014314427, 186392.30379476334, 183922.1708476793, 179865.48729809333, 184230.76115530607, 184977.0769673669, 180029.2758397688, 188260.2535346067, 188761.17214324043, 187065.6947976118, 195130.19036112574, 193123.1887299684, 197779.36265440192, 202547.44432079233, 190220.11824639147, 198556.02238816465, 193884.56155713584, 184053.7823015468, 187467.53419182854, 185346.66937960917, 179833.75138068423, 196444.64906132186, 162295.0472165636, 185372.94907232767, 184296.5801245674, 194993.5156387008, 185156.22426572719, 190144.4524101648, 198925.962992079, 193268.72134515946, 195545.3229621627, 193899.54506641004, 225956.44048363957, 179274.8171599018, 191711.64250774097, 193975.99674278594, 189780.38897555604, 184209.5710433883, 183911.53285709996, 183082.5284115543, 184299.72077516824, 183262.514431598, 188851.93432631603, 191281.81680178037, 189752.80701635568, 194755.6473628333, 193920.88282932885, 198050.59704180653, 196994.5360090837, 197043.35653827194, 202000.79214833965, 196758.98303864125, 200907.92915388424, 198835.93554071424, 187200.3353258918, 192472.53543556342, 186298.39357759885, 177902.93020807105, 184130.23890356638, 185291.28900786268, 181223.41821018932, 188589.4924281551, 187917.98913773693, 189437.05851520388, 194829.65659690846, 203347.29878976737, 196652.78233904805, 198140.73668995986, 194505.9281177079, 194803.05420666924, 196079.86025994382, 186033.17661669475, 189745.56152188423, 196448.9344670198, 178819.3348875038, 183233.64882912452, 185226.7821748917, 177496.62033730868, 182228.77333721187, 189531.8913737151, 187258.812696743, 189602.0354318299, 194070.93002788932, 202629.53615704918, 195227.54337662636, 200024.82258228725, 198008.30875929396, 196296.86005446836, 190766.513729166, 190910.2594577017, 192496.40423807825, 182796.33910835144, 186189.8272223999, 189620.5935650343, 190523.92308913244, 187024.41354251947, 189203.93080280806, 185749.3331756275, 191633.9321696191, 191913.60871167885, 193537.2861196865, 200450.78071149925, 194996.4344175965, 202349.49714208074, 194587.9783928515, 196706.95461133492, 195658.47332663258, 187263.21645559237, 188254.08257143514, 188317.2656179578, 187667.2209645193, 178753.37635032437, 187007.26746957636, 196611.51654641257, 187611.31200974583, 196238.49889489607, 193737.79128944795, 189486.6141014526, 196788.4562585184, 200349.66335796006, 203648.05181071963, 198943.9376858548, 200026.45603334584, 206884.86455767343, 198936.14267354851, 197919.3545011649, 191008.75913412517, 191049.7669388192, 182661.82250139114, 187883.95209553425, 187798.2830973406, 183583.72194354446, 189570.39510887707, 193521.29957595078, 187294.2619913633, 196530.64285319284, 193954.31211557527, 199229.7700890877, 204799.38860205183, 201309.41026942985, 203723.94558271323, 199653.24216443798, 196310.40866234433, 199008.45204598288, 193868.7117419981, 192076.33278745596, 186766.6053902073, 187148.4304269709, 181227.57974991153, 185339.67711673022, 190179.90321492715, 187551.73996841165, 194118.29376804666, 201953.0206472858, 190198.408768708, 202532.76473254274, 197971.16320139403, 198237.76615511678, 199261.42309792526, 194456.21133344097, 198711.7024627573, 196995.36609997659, 189350.60990170014, 192530.16896972604, 189595.5805483899, 184006.980911457, 184205.3742040271, 188240.58396320956, 185307.31026063603, 190459.437695906, 194904.69205768357, 187639.007938243, 196171.55459169124, 204907.63845392366, 220972.941174732, 204448.24250860183, 199948.82003703143, 198116.04200024597, 198099.5242681316, 196878.1021216573, 197291.70892573355, 195614.25264291707, 191060.35581291554, 190093.74201295737, 192686.52532847226, 193375.02956793932, 177136.62857110234, 192520.34351065726, 193419.76486570024, 192385.5893178659, 199783.80947131207, 201851.82104403534, 205323.6790978902, 201511.59359322896, 202999.97754608467, 205360.09081432247, 195875.58793923134, 198303.28099471884, 192869.340186679, 189311.84419419448, 186865.8791595483, 188659.77178706578, 190090.9159536532, 183236.14364850265, 190929.41155773398, 188191.42033186113, 186673.95848997304, 195443.54140022906, 197687.2237351576, 205441.50377784614, 202538.75430311012, 203622.48048123822, 242994.73679562382, 198679.84561313468, 198164.3640560743]","[0, 0, 0, 0, 0, 0, 0, 0, 0, 0, 0, 0, 0, 0, 0, 0, 0, 0, 0, 0, 0, 0, 0, 0, 0, 0, 0, 0, 0, 0, 0, 0, 0, 0, 0, 0, 0, 0, 0, 0, 0, 0, 0, 0, 0, 0, 0, 0, 0, 0, 0, 0, 0, 0, 0, 0, 0, 0, 0, 0, 20431, 47037, 72273, 97404, 121901, 146788, 171203, 195044, 219196, 243293, 266114, 289640, 313292, 336155, 359804, 383983, 407916, 431906, 456933, 482432, 507459, 532036, 556436, 580703, 604921, 628896, 652730, 676580, 699693, 723311, 746569, 769871, 793363, 817148, 841031, 865011, 889621, 914643, 939413, 964936, 989596, 1014424, 1039308, 1063198, 1086854, 1128830, 1151882, 1171888, 1179714, 1203224, 1225784, 1249771, 1291638, 1315708, 1340534, 1365624, 1390623, 1415140, 1431544, 1446418, 1471321, 1495284, 1518967, 1542889, 1566107, 1588733, 1612105, 1635329, 1658622, 1683184, 1706491, 1730672, 1755399, 1780046, 1804901, 1829821, 1855134, 1880146, 1904760, 1929672, 1952916, 1976804, 2000178, 2023255, 2046804, 2070057, 2093772, 2118118, 2142203, 2167236, 2191790, 2217588, 2242126, 2266925, 2291827, 2316285, 2340917, 2365316, 2389604, 2414131, 2437549, 2461074, 2484605, 2507863, 2531731, 2555617, 2579581, 2603758, 2628864, 2654666, 2679618, 2704763, 2729765, 2755123, 2780394, 2804576, 2828837, 2852984, 2876122, 2918850, 2942843, 2957019, 2971051, 2994158, 3017752, 3041723, 3065916, 3091202, 3116870, 3142353, 3167042, 3192372, 3216788, 3240600, 3283286, 3307083, 3397196, 3409019, 3477626, 3553207, 3623412, 3696764, 3768301, 3839704, 3914779, 3988072, 4063392, 4139481, 4214959, 4291638, 4366477, 4439315, 4512598, 4585105, 4654287, 4723646, 4794953, 4866658, 4936084, 5011563, 5083714, 5156802, 5230097, 5304911, 5379638, 5454313, 5529928, 5604155, 5677968, 5752881, 5823450, 5896029, 5968084, 6037322, 6106239, 6176829, 6246911, 6318275, 6391459, 6465860, 6538785, 6614825, 6689947, 6762978, 6838159, 6913190, 6987299, 7060689, 7133212, 7204813, 7274211, 7344307, 7412603, 7481723, 7547783, 7617698, 7689517, 7759479, 7831634, 7908461, 7986514, 8061748, 8136992, 8210104, 8283297, 8356688, 8427597, 8499410, 8570886, 8695646, 8765778, 8823925, 8850479, 8920667, 8994260, 9064311, 9136811, 9211425, 9285980, 9362013, 9436065, 9510840, 9584925, 9657268, 9784546, 9854748, 9925031, 9993819, 10064943, 10134647, 10202932, 10274324, 10345847, 10417755, 10491087, 10566008, 10639760, 10713663, 10733307, 10806433, 10879240]","[0, 0, 0, 0, 0, 0, 0, 0, 0, 0, 0, 0, 0, 0, 0, 0, 0, 0, 0, 0, 0, 0, 0, 0, 0, 0, 0, 0, 0, 0, 0, 0, 0, 0, 0, 0, 0, 0, 0, 0, 0, 0, 0, 0, 0, 0, 0, 0, 0, 0, 0, 0, 0, 0, 0, 0, 0, 0, 0, 0, 277062.45759175933, 212792.24374678667, 201857.34339338742, 201077.14784094985, 196019.69697968388, 199111.52330687555, 195269.06798353815, 190736.73123464515, 193172.93762381596, 192781.56148742198, 182611.84282248552, 188211.7693473399, 189158.85958407092, 182932.5238911211, 189175.762914026, 193475.54498731327, 191427.5793666042, 191986.0504986929, 200165.79514682424, 203956.9398437435, 200283.4725882452, 196610.0936871041, 195176.22131130932, 194141.60072271526, 193769.22420797768, 191746.64947034552, 190668.99970388878, 190865.84713001183, 184841.86167503314, 188995.9994219143, 186014.28447797304, 186489.67453353453, 187899.7577762506, 190292.38580258467, 191032.8011482271, 191841.7380681149, 196898.35519239432, 200187.5980115692, 198147.33914211032, 204171.34365717153, 197309.16614604247, 198596.0167527435, 199117.7643329661, 191051.26479182937, 189300.0379409184, 190497.5831610018, 184098.39403266422, 186347.6362788433, 166180.95505911642, 188101.2573995608, 180457.0680386389, 191936.86485393395, 189993.76587174824, 192301.55334086836, 198805.8434540217, 200583.75257704448, 199960.6302912875, 196350.21875978584, 217433.53374163332, 187823.73955317176, 199165.45131076188, 191672.3768070339, 189468.3817598893, 191444.1462551019, 185719.2923571741, 180955.1497396395, 187020.36618431887, 185790.49393921043, 186308.4200695811, 196481.43125984148, 186496.1066513537, 193491.36401991337, 197792.4213059776, 197178.58560710153, 198818.33729263718, 199322.93261350668, 202544.90202618032, 200135.65204402176, 196900.16994599666, 199267.87457519805, 185968.22781071154, 191064.82407267034, 187002.43285591324, 184631.49489169166, 188394.2907516547, 185987.15113959383, 189744.51933133067, 194790.19908598973, 192661.53449610056, 200269.34776853325, 196445.76987846952, 206354.87428913612, 196308.7739732135, 198436.8035366414, 199160.63412776162, 195707.2540475135, 196991.56203291198, 195226.81618368754, 194281.02517783924, 196296.87181913934, 187305.5948649445, 188152.40457028174, 188250.82759717433, 186131.7640923903, 190957.38516980168, 191067.72842713594, 191714.8796285192, 193426.23784275082, 200755.86193985122, 206413.49014663757, 199627.8035543636, 201168.87304342104, 200024.3933575704, 202914.50724639063, 202191.86211675353, 193446.13007358654, 194015.8391101332, 193172.13131069418, 185173.44604650285, 193890.6531181177, 191577.90900119673, 189592.2544607234, 176171.83523722645, 184893.16109628777, 188730.2665446422, 191777.60190210328, 193505.29251946835, 202266.58849399295, 205416.09121853678, 203821.18801816844, 197483.5614149345, 202643.04377359335, 195362.42116480847, 190519.62017690943, 193699.41109396616, 190413.68047208592, 720762.7448653509, 399584.26329927874, 548548.7878611836, 604806.4726127151, 561817.6147263353, 586644.1036368919, 572206.7782285305, 571123.3730133398, 600662.4391611753, 586430.8257386169, 602465.4855610135, 608834.222522584, 603783.1173159318, 613493.8715066069, 598640.208345223, 582819.888544809, 586241.7764219162, 579915.6633915085, 553449.4023689941, 554954.562362412, 570499.3896315795, 573489.1862839529, 555485.3438074073, 603761.1776420117, 577350.6065512627, 584569.0877769069, 586366.9900392299, 598673.5759105517, 597884.279879108, 597321.1035033844, 604789.216961912, 593784.0053746188, 590499.2132765647, 599522.2651755626, 564286.2907371031, 580693.4709618347, 576485.0818793431, 553893.4353211342, 551371.2305149502, 564609.3478193503, 560879.854273809, 570959.9168631401, 585322.1215080024, 595022.4413582572, 583517.8359048393, 608310.28282429, 601034.1788722568, 584264.994554838, 601271.2442273778, 600446.2732029882, 592823.3790029581, 587153.8771911336, 580155.2294846218, 572624.1018692928, 555428.8530076053, 560643.0206889285, 546478.8774005575, 552867.7302429271, 528512.2578282366, 559236.1339930816, 574719.1689477244, 559669.1794583627, 577250.4596698129, 614770.9274612252, 624257.1565207338, 601684.3638277324, 602111.0583449951, 584742.6451383466, 585578.0654964402, 587146.1982531006, 567328.6746508309, 574475.3741890894, 571797.0938359483, 566232.8157180919, 560237.6101461969, 568864.608129463, 508671.57295090856, 561225.1472494917, 588925.9725180586, 560319.429457252, 579999.446869424, 596781.3834996098, 596497.1708351793, 608190.338030882, 592532.6896824068, 598386.7504731105, 592545.6485291121, 578765.2502118427, 577614.1528101868, 560786.1127524723, 562390.0391799996, 550128.3756544587, 569216.3315210353, 557474.2332013106, 547086.3525752116, 570237.3362901502, 572288.1068614805, 575274.4238644156, 586701.1813892338, 599535.8121193476, 589674.6489563785, 591405.4696405953, 582120.5621479554, 605436.6125059836, 582586.4265629154]"
31-4,"[0, 0, 0, 0, 0, 0, 0, 0, 0, 0, 0, 0, 0, 0, 0, 0, 0, 0, 0, 0, 0, 0, 0, 0, 0, 0, 0, 0, 0, 0, 0, 0, 0, 0, 0, 0, 0, 0, 0, 0, 0, 0, 0, 0, 0, 0, 0, 0, 0, 0, 0, 0, 0, 0, 0, 0, 0, 0, 0, 0, 0, 0, 0, 0, 0, 0, 0, 0, 0, 0, 0, 0, 0, 0, 0, 0, 0, 0, 0, 0, 0, 0, 0, 0, 0, 0, 0, 0, 0, 0, 0, 0, 0, 0, 0, 0, 0, 0, 0, 0, 0, 0, 0, 0, 0, 0, 0, 0, 0, 0, 0, 0, 0, 0, 0, 0, 0, 0, 0, 0, 0, 0, 0, 0, 0, 0, 0, 0, 0, 0, 0, 0, 0, 0, 0, 0, 0, 0, 0, 0, 0, 0, 0, 0, 0, 0, 0, 0, 0, 0, 0, 0, 0, 0, 0, 0, 0, 0, 0, 0, 0, 0, 0, 0, 0, 0, 0, 0, 0, 0, 0, 0, 0, 0, 0, 0, 0, 0, 0, 0, 0, 0, 0, 0, 0, 0, 0, 0, 0, 0, 0, 0, 0, 0, 0, 0, 0, 0, 0, 0, 0, 0, 0, 0, 0, 0, 0, 0, 0, 0, 0, 0, 0, 0, 0, 0, 0, 0, 0, 0, 0, 0, 0, 0, 0, 0, 0, 10283, 37755, 63495, 87873, 110888, 134470, 157938, 181420, 206105, 229754, 254127, 279096, 304038, 329083, 354311, 379472, 404462, 429182, 454229, 477749, 501702, 525096, 548258, 571716, 594904, 618941, 643152, 667492, 692637, 717573, 743263, 768050, 792916, 817920, 842442, 867207, 891548, 915826, 940449, 963753, 987313, 1010712, 1033662, 1057702, 1081573, 1105628, 1130060, 1154967, 1180950, 1205805, 1231168, 1256106, 1281354, 1306741, 1330575, 1354885, 1379127, 1402445, 1444784, 1468699, 1482833, 1496737, 1519810, 1543333, 1567153, 1591281, 1616467, 1642178, 1667675, 1692379, 1717833, 1742305, 1766225, 1808794]","[0, 0, 0, 0, 0, 0, 0, 0, 0, 0, 0, 0, 0, 0, 0, 0, 0, 0, 0, 0, 0, 0, 0, 0, 0, 0, 0, 0, 0, 0, 0, 0, 0, 0, 0, 0, 0, 0, 0, 0, 0, 0, 0, 0, 0, 0, 0, 0, 0, 0, 0, 0, 0, 0, 0, 0, 0, 0, 0, 0, 0, 0, 0, 0, 0, 0, 0, 0, 0, 0, 0, 0, 0, 0, 0, 0, 0, 0, 0, 0, 0, 0, 0, 0, 0, 0, 0, 0, 0, 0, 0, 0, 0, 0, 0, 0, 0, 0, 0, 0, 0, 0, 0, 0, 0, 0, 0, 0, 0, 0, 0, 0, 0, 0, 0, 0, 0, 0, 0, 0, 0, 0, 0, 0, 0, 0, 0, 0, 0, 0, 0, 0, 0, 0, 0, 0, 0, 0, 0, 0, 0, 0, 0, 0, 0, 0, 0, 0, 0, 0, 0, 0, 0, 0, 0, 0, 0, 0, 0, 0, 0, 0, 0, 0, 0, 0, 0, 0, 0, 0, 0, 0, 0, 0, 0, 0, 0, 0, 0, 0, 0, 0, 0, 0, 0, 0, 0, 0, 0, 0, 0, 0, 0, 0, 0, 0, 0, 0, 0, 0, 0, 0, 0, 0, 0, 0, 0, 0, 0, 0, 0, 0, 0, 0, 0, 0, 0, 0, 0, 0, 0, 0, 0, 0, 0, 0, 0, 82280.89048927098, 219738.6460898728, 205968.81215078302, 194968.40502824454, 184090.3738683793, 188680.33682971593, 187718.84731860325, 187856.35830756818, 197488.71072089276, 189193.12767891694, 195028.26644078532, 199740.6659911857, 199569.6874338873, 200323.51071305637, 201799.4143951521, 201295.05489470233, 199978.35855266295, 197756.27524715793, 200330.10031642817, 188211.78365667816, 191609.0159270229, 187111.58254485473, 185274.5319751406, 187720.3030579679, 185445.77053456448, 192352.54589869812, 193669.80725477735, 194710.43694734309, 201163.64504743184, 199486.1926738449, 205509.51458069796, 198288.48317031286, 198956.41350834168, 200004.62891364182, 196184.0451144599, 198091.66276033968, 194762.7334205147, 194197.74770094242, 197019.4646911244, 186440.00113682856, 188432.51341660466, 187214.63017117901, 183651.0980681051, 192329.81297015562, 190922.52604209993, 192467.89985730965, 195418.91316631308, 199228.3076573934, 207845.66492080194, 198864.27542424612, 202924.465147199, 199472.32643284695, 201982.9887135594, 203161.24519855558, 190694.6871130155, 194401.06794864737, 193930.54407591798, 186612.5175125526, 192124.46582783406, 190990.91290293942, 189147.16842117437, 174476.40063606322, 184569.43441705895, 188210.51987486985, 190536.5594328243, 193035.36773486866, 201416.54408798149, 205761.63515242666, 203914.64529553344, 197629.7854252064, 203657.2489493975, 195786.40944321294, 191383.7273068904, 193161.25565999755]","[0, 0, 0, 0, 0, 0, 0, 0, 0, 0, 0, 0, 0, 0, 0, 0, 0, 0, 0, 0, 0, 0, 0, 0, 0, 0, 0, 0, 0, 0, 0, 0, 0, 0, 0, 0, 0, 0, 0, 0, 0, 0, 0, 0, 0, 0, 0, 0, 0, 0, 0, 0, 0, 0, 0, 0, 0, 0, 0, 0, 0, 0, 0, 0, 0, 0, 0, 0, 0, 0, 0, 0, 0, 0, 0, 0, 0, 0, 0, 0, 0, 0, 0, 0, 0, 0, 0, 0, 0, 0, 0, 0, 0, 0, 0, 0, 0, 0, 0, 0, 0, 0, 0, 0, 0, 0, 0, 0, 0, 0, 0, 0, 0, 0, 0, 0, 0, 0, 0, 0, 0, 0, 0, 0, 0, 0, 0, 0, 0, 0, 0, 0, 0, 0, 0, 0, 0, 0, 0, 0, 0, 0, 0, 0, 0, 0, 0, 0, 0, 0, 0, 0, 0, 0, 0, 0, 0, 0, 0, 0, 0, 0, 0, 0, 0, 0, 0, 0, 0, 0, 0, 0, 0, 0, 0, 0, 0, 0, 0, 0, 0, 0, 0, 0, 0, 0, 0, 0, 0, 0, 0, 0, 0, 0, 0, 0, 0, 0, 0, 0, 0, 0, 0, 0, 0, 0, 0, 0, 0, 0, 0, 0, 0, 0, 0, 0, 0, 0, 0, 0, 0, 0, 0, 0, 0, 0, 0, 8206, 37064, 60000, 85478, 107747, 132185, 154830, 179652, 202332, 227700, 251253, 276908, 300478, 326496, 350110, 375515, 400097, 426290, 450321, 475014, 499442, 521951, 544907, 569567, 593371, 616683, 640657, 665129, 688084, 713874, 738825, 764676, 787844, 814009, 838655, 863256, 886195, 911533, 936196, 959081, 982931, 1006218, 1029243, 1052743, 1076655, 1100814, 1123564, 1148163, 1175477, 1199743, 1225552, 1251029, 1274624, 1300693, 1325525, 1348761, 1372446, 1397495, 1439455, 1462687, 1476657, 1492124, 1513907, 1539071, 1562737, 1586733, 1612391, 1637800, 1663473, 1688701, 1712931, 1738482, 1761741, 1802752]","[0, 0, 0, 0, 0, 0, 0, 0, 0, 0, 0, 0, 0, 0, 0, 0, 0, 0, 0, 0, 0, 0, 0, 0, 0, 0, 0, 0, 0, 0, 0, 0, 0, 0, 0, 0, 0, 0, 0, 0, 0, 0, 0, 0, 0, 0, 0, 0, 0, 0, 0, 0, 0, 0, 0, 0, 0, 0, 0, 0, 0, 0, 0, 0, 0, 0, 0, 0, 0, 0, 0, 0, 0, 0, 0, 0, 0, 0, 0, 0, 0, 0, 0, 0, 0, 0, 0, 0, 0, 0, 0, 0, 0, 0, 0, 0, 0, 0, 0, 0, 0, 0, 0, 0, 0, 0, 0, 0, 0, 0, 0, 0, 0, 0, 0, 0, 0, 0, 0, 0, 0, 0, 0, 0, 0, 0, 0, 0, 0, 0, 0, 0, 0, 0, 0, 0, 0, 0, 0, 0, 0, 0, 0, 0, 0, 0, 0, 0, 0, 0, 0, 0, 0, 0, 0, 0, 0, 0, 0, 0, 0, 0, 0, 0, 0, 0, 0, 0, 0, 0, 0, 0, 0, 0, 0, 0, 0, 0, 0, 0, 0, 0, 0, 0, 0, 0, 0, 0, 0, 0, 0, 0, 0, 0, 0, 0, 0, 0, 0, 0, 0, 0, 0, 0, 0, 0, 0, 0, 0, 0, 0, 0, 0, 0, 0, 0, 0, 0, 0, 0, 0, 0, 0, 0, 0, 0, 0, 65661.47888310393, 230824.76153398186, 183531.49477429525, 203765.89643570493, 178123.33415924132, 195529.2202291832, 181135.72939874599, 198576.37875438452, 181448.00320639447, 202945.209647713, 188466.77715011762, 205228.35459985858, 188591.83436840362, 208106.09310170895, 188888.9872969368, 203247.12330988087, 196713.4057599664, 209540.0532989, 192203.96217926638, 197598.3662344538, 195408.7187853428, 180033.11154578676, 183626.7229091325, 197339.18805565214, 190372.22364174458, 186550.8403706973, 191773.98534244896, 195766.38508526623, 183643.327582573, 206318.13077712787, 199597.8162048655, 206800.16050493234, 185370.47326314083, 209291.35800373694, 197176.08579605984, 196779.8504166007, 183544.73283485425, 202676.60150121423, 197339.52230342367, 183087.85727842094, 190751.92890433027, 186318.52185120073, 184251.26505525576, 188009.59254570122, 191250.44793761024, 193300.02048026372, 181965.46637744035, 196764.6501009443, 218492.72569167474, 194151.70015871077, 206492.82502007092, 203783.64185298106, 188759.05492302097, 208618.9979549039, 198679.63708946886, 185812.55511537517, 189474.66943478744, 200465.60387562955, 190404.65259302105, 185536.31145979883, 186952.45102899434, 194089.9373301201, 174250.2487715856, 201340.36994138607, 189304.71097973213, 191979.30554401144, 205191.2049634491, 203344.770237953, 205322.22177794366, 201821.73845155066, 193864.03480961345, 204418.86840812088, 186095.07163172925, 186091.66895797788]"
32-4,"[0, 0, 0, 0, 0, 0, 0, 0, 0, 0, 0, 0, 0, 0, 0, 0, 0, 0, 0, 0, 0, 0, 0, 0, 0, 0, 0, 0, 0, 0, 0, 0, 0, 0, 0, 0, 0, 0, 0, 0, 0, 0, 0, 0, 0, 0, 0, 0, 0, 0, 0, 0, 0, 0, 0, 0, 0, 0, 0, 0, 0, 0, 0, 0, 0, 0, 0, 0, 0, 0, 0, 0, 0, 0, 0, 0, 0, 0, 0, 0, 0, 0, 0, 0, 0, 0, 0, 0, 0, 0, 0, 0, 0, 0, 0, 0, 0, 0, 0, 0, 0, 0, 0, 0, 0, 0, 0, 0, 0, 0, 0, 0, 0, 0, 0, 0, 0, 0, 0, 0, 0, 0, 0, 0, 0, 0, 0, 0, 0, 0, 0, 0, 0, 0, 0, 0, 0, 0, 0, 0, 0, 0, 0, 0, 0, 0, 0, 0, 0, 0, 0, 0, 0, 0, 0, 0, 0, 0, 0, 0, 0, 0, 0, 0, 0, 0, 0, 0, 0, 0, 0, 0, 0, 0, 0, 0, 0, 0, 0, 0, 0, 0, 0, 0, 0, 0, 0, 0, 0, 0, 0, 0, 0, 0, 0, 0, 0, 0, 0, 0, 0, 0, 0, 0, 0, 0, 0, 0, 0, 0, 0, 0, 0, 0, 0, 0, 0, 0, 0, 0, 0, 0, 0, 0, 0, 0, 0, 13408, 38871, 63795, 87698, 110963, 134449, 157746, 181780, 206162, 230168, 254772, 279450, 304552, 328958, 354037, 379418, 404192, 429381, 454345, 477908, 502029, 525518, 547886, 571021, 594288, 617144, 640972, 664641, 688778, 713412, 739033, 763874, 788975, 813275, 837852, 862571, 886036, 909975, 934664, 957287, 980501, 1003965, 1026290, 1049412, 1073339, 1097182, 1121149, 1145644, 1170946, 1195526, 1221003, 1245961, 1270553, 1294627, 1318710, 1342932, 1366120, 1389707, 1432058, 1456237, 1470317, 1485476, 1509086, 1533102, 1557310, 1581960, 1607267, 1631827, 1657442, 1681902, 1707902, 1732534, 1756393, 1798245]","[0, 0, 0, 0, 0, 0, 0, 0, 0, 0, 0, 0, 0, 0, 0, 0, 0, 0, 0, 0, 0, 0, 0, 0, 0, 0, 0, 0, 0, 0, 0, 0, 0, 0, 0, 0, 0, 0, 0, 0, 0, 0, 0, 0, 0, 0, 0, 0, 0, 0, 0, 0, 0, 0, 0, 0, 0, 0, 0, 0, 0, 0, 0, 0, 0, 0, 0, 0, 0, 0, 0, 0, 0, 0, 0, 0, 0, 0, 0, 0, 0, 0, 0, 0, 0, 0, 0, 0, 0, 0, 0, 0, 0, 0, 0, 0, 0, 0, 0, 0, 0, 0, 0, 0, 0, 0, 0, 0, 0, 0, 0, 0, 0, 0, 0, 0, 0, 0, 0, 0, 0, 0, 0, 0, 0, 0, 0, 0, 0, 0, 0, 0, 0, 0, 0, 0, 0, 0, 0, 0, 0, 0, 0, 0, 0, 0, 0, 0, 0, 0, 0, 0, 0, 0, 0, 0, 0, 0, 0, 0, 0, 0, 0, 0, 0, 0, 0, 0, 0, 0, 0, 0, 0, 0, 0, 0, 0, 0, 0, 0, 0, 0, 0, 0, 0, 0, 0, 0, 0, 0, 0, 0, 0, 0, 0, 0, 0, 0, 0, 0, 0, 0, 0, 0, 0, 0, 0, 0, 0, 0, 0, 0, 0, 0, 0, 0, 0, 0, 0, 0, 0, 0, 0, 0, 0, 0, 0, 107247.35408508554, 203714.19954249953, 199437.0769302678, 191209.45746399616, 186081.4909329105, 187909.99740617906, 186380.8435954933, 192247.56973584433, 195031.82041105896, 192091.05019072993, 196879.83166610426, 197382.72863459287, 200822.6552994458, 195251.49136873547, 200593.6919643251, 203075.83980557637, 198211.2336969649, 201506.71527607908, 199696.24066170238, 188503.6404578391, 192950.79485767442, 187921.76728088074, 178948.69311624594, 185072.94002761735, 186134.89054959684, 182844.338147067, 190635.99910730464, 189347.66617585352, 193096.1841508714, 197069.22788704745, 204953.87806921912, 198757.19064269922, 200824.27928136723, 194368.11741238125, 196634.28369394317, 197710.0945315269, 187757.1995527335, 191490.13134839156, 197564.37855647918, 180945.9928789791, 185705.4914810067, 187696.42689024023, 178644.1679959802, 184988.17287438235, 191399.3438967413, 190747.04700187425, 191742.72010895156, 195899.65569611563, 202424.30101484645, 196659.69267628767, 203796.22435586146, 199675.75878344048, 196764.75728516956, 192621.2998288371, 192643.9286373104, 193729.7188581715, 185495.5971366272, 188744.37517817414, 192184.61088649256, 193149.20474568766, 188245.08288305448, 190292.63208600684, 188888.87181943617, 192130.29037154163, 193658.96726335722, 197178.3279397058, 202442.24419222004, 196519.6852906802, 204883.5105175122, 195653.0378494556, 208013.68803451004, 197068.2160282534, 190911.7362579711, 189913.62361099842]","[0, 0, 0, 0, 0, 0, 0, 0, 0, 0, 0, 0, 0, 0, 0, 0, 0, 0, 0, 0, 0, 0, 0, 0, 0, 0, 0, 0, 0, 0, 0, 0, 0, 0, 0, 0, 0, 0, 0, 0, 0, 0, 0, 0, 0, 0, 0, 0, 0, 0, 0, 0, 0, 0, 0, 0, 0, 0, 0, 0, 0, 0, 0, 0, 0, 0, 0, 0, 0, 0, 0, 0, 0, 0, 0, 0, 0, 0, 0, 0, 0, 0, 0, 0, 0, 0, 0, 0, 0, 0, 0, 0, 0, 0, 0, 0, 0, 0, 0, 0, 0, 0, 0, 0, 0, 0, 0, 0, 0, 0, 0, 0, 0, 0, 0, 0, 0, 0, 0, 0, 0, 0, 0, 0, 0, 0, 0, 0, 0, 0, 0, 0, 0, 0, 0, 0, 0, 0, 0, 0, 0, 0, 0, 0, 0, 0, 0, 0, 0, 0, 0, 0, 0, 0, 0, 0, 0, 0, 0, 0, 0, 0, 0, 0, 0, 0, 0, 0, 0, 0, 0, 0, 0, 0, 0, 0, 0, 0, 0, 0, 0, 0, 0, 0, 0, 0, 0, 0, 0, 0, 0, 0, 0, 0, 0, 0, 0, 0, 0, 0, 0, 0, 0, 0, 0, 0, 0, 0, 0, 0, 0, 0, 0, 0, 0, 0, 0, 0, 0, 0, 0, 0, 0, 0, 0, 0, 0, 6004, 37140, 60080, 85546, 107807, 132178, 154874, 179601, 202989, 226524, 251020, 275333, 300315, 326470, 350134, 375481, 401208, 426252, 450271, 476763, 501014, 524329, 546703, 571289, 595029, 618337, 642224, 666610, 689670, 715497, 739706, 766173, 789339, 815430, 840048, 864653, 887700, 913042, 936387, 960643, 984543, 1007256, 1029731, 1054326, 1082299, 1114264, 1143932, 1176505, 1209354, 1242578, 1275118, 1306567, 1337127, 1371223, 1399365, 1422502, 1446221, 1470422, 1513246, 1536594, 1550452, 1565961, 1588715, 1612821, 1636461, 1660464, 1686083, 1711488, 1735868, 1762351, 1785886, 1812081, 1835303, 1876365]","[0, 0, 0, 0, 0, 0, 0, 0, 0, 0, 0, 0, 0, 0, 0, 0, 0, 0, 0, 0, 0, 0, 0, 0, 0, 0, 0, 0, 0, 0, 0, 0, 0, 0, 0, 0, 0, 0, 0, 0, 0, 0, 0, 0, 0, 0, 0, 0, 0, 0, 0, 0, 0, 0, 0, 0, 0, 0, 0, 0, 0, 0, 0, 0, 0, 0, 0, 0, 0, 0, 0, 0, 0, 0, 0, 0, 0, 0, 0, 0, 0, 0, 0, 0, 0, 0, 0, 0, 0, 0, 0, 0, 0, 0, 0, 0, 0, 0, 0, 0, 0, 0, 0, 0, 0, 0, 0, 0, 0, 0, 0, 0, 0, 0, 0, 0, 0, 0, 0, 0, 0, 0, 0, 0, 0, 0, 0, 0, 0, 0, 0, 0, 0, 0, 0, 0, 0, 0, 0, 0, 0, 0, 0, 0, 0, 0, 0, 0, 0, 0, 0, 0, 0, 0, 0, 0, 0, 0, 0, 0, 0, 0, 0, 0, 0, 0, 0, 0, 0, 0, 0, 0, 0, 0, 0, 0, 0, 0, 0, 0, 0, 0, 0, 0, 0, 0, 0, 0, 0, 0, 0, 0, 0, 0, 0, 0, 0, 0, 0, 0, 0, 0, 0, 0, 0, 0, 0, 0, 0, 0, 0, 0, 0, 0, 0, 0, 0, 0, 0, 0, 0, 0, 0, 0, 0, 0, 0, 48024.54608643001, 249100.47193792032, 183561.48871691313, 203712.50653801308, 178051.15278992135, 194990.82631295195, 181572.7186437445, 197790.86530990357, 187080.80615920955, 188322.20554189905, 196015.6217075634, 194463.3390587915, 199862.62348381622, 209243.7415696663, 189275.85336910517, 202803.80251179799, 205835.97357398144, 200346.74569749195, 192136.83722373936, 211935.59576493117, 193990.7021306522, 186529.69492757184, 178996.69437512904, 196680.49723444998, 189918.8679953337, 186460.2657303044, 191108.028818037, 195083.53489223728, 184480.17593400567, 206613.0936363877, 193658.6563435356, 211767.10135422568, 185343.02433497284, 208693.76754759008, 196962.31419528392, 196798.28779271894, 184412.5368886362, 202712.84968590748, 186809.52721458973, 194007.2494042575, 191193.2991468967, 181688.9253306353, 179844.4647574314, 196772.9483541836, 223764.52738845424, 255724.08494798935, 237352.31861277486, 260503.75525574913, 262802.7770151249, 265818.617960821, 260294.74194527348, 251606.81697172928, 244515.7361188509, 272809.49734003615, 225112.545767188, 185051.79197512649, 189743.40471294033, 193657.63444638965, 194331.03767569023, 186510.9240416194, 185277.01410464267, 194686.22145404576, 182040.55016431387, 192850.2989547128, 189115.08534805704, 192002.89677633907, 204938.07460230312, 203281.0506844353, 195005.26981912734, 211834.80790544287, 188292.3903035459, 209572.99118464184, 185814.67535867408, 186328.8065735166]"
31-5,"[0, 0, 0, 0, 0, 0, 0, 0, 0, 0, 0, 0, 0, 0, 0, 0, 0, 0, 0, 0, 0, 0, 0, 0, 0, 0, 0, 0, 0, 0, 0, 0, 0, 0, 0, 0, 0, 0, 0, 0, 0, 0, 0, 0, 0, 0, 0, 0, 0, 0, 0, 0, 0, 0, 0, 0, 0, 0, 0, 0, 0, 0, 0, 0, 0, 0, 0, 0, 0, 0, 0, 0, 0, 0, 0, 0, 0, 0, 0, 0, 0, 0, 0, 0, 0, 0, 0, 0, 0, 0, 0, 0, 0, 0, 0, 0, 0, 0, 0, 0, 0, 0, 0, 0, 0, 0, 0, 0, 0, 0, 0, 0, 0, 0, 0, 0, 0, 0, 0, 0, 0, 0, 0, 0, 0, 0, 0, 0, 0, 0, 0, 0, 0, 0, 0, 0, 0, 0, 0, 0, 0, 0, 0, 0, 0, 0, 0, 0, 0, 0, 0, 0, 0, 0, 0, 0, 0, 0, 0, 0, 0, 0, 0, 0, 0, 0, 0, 0, 0, 0, 0, 0, 0, 0, 0, 0, 0, 0, 0, 0, 0, 0, 0, 0, 0, 0, 0, 0, 0, 0, 0, 0, 0, 0, 0, 157, 1335, 1507, 2303, 3041, 3779, 4451, 5167, 5913, 6659, 7427, 8107, 8825, 9551, 10277, 11045, 11771, 12497, 13227, 13957, 14671, 15393, 16115, 16837, 17509, 18281, 19003, 19725, 20489, 21215, 21937, 22625, 23393, 24165, 24883, 25601, 26327, 27049, 27767, 28493, 29185, 29679, 30207, 30861, 31583, 32259, 32985, 33711, 34479, 35205, 35931, 36695, 37375, 38101, 38815, 39579, 40347, 41065, 41783, 42547, 43265, 43949, 44667, 45485, 46219, 46949, 47675, 48493, 49165, 49887, 50617, 51335, 52057, 52825, 54105, 54785, 55385, 55725, 56443, 57215, 57933, 58659, 59389, 60161, 60883, 61559, 62331, 63049, 63779, 65051, 65769, 66495, 67205, 67919, 68561, 69321, 70093, 70815, 71537, 72259, 73027, 73699, 74421, 74589, 75357, 76079]","[0, 0, 0, 0, 0, 0, 0, 0, 0, 0, 0, 0, 0, 0, 0, 0, 0, 0, 0, 0, 0, 0, 0, 0, 0, 0, 0, 0, 0, 0, 0, 0, 0, 0, 0, 0, 0, 0, 0, 0, 0, 0, 0, 0, 0, 0, 0, 0, 0, 0, 0, 0, 0, 0, 0, 0, 0, 0, 0, 0, 0, 0, 0, 0, 0, 0, 0, 0, 0, 0, 0, 0, 0, 0, 0, 0, 0, 0, 0, 0, 0, 0, 0, 0, 0, 0, 0, 0, 0, 0, 0, 0, 0, 0, 0, 0, 0, 0, 0, 0, 0, 0, 0, 0, 0, 0, 0, 0, 0, 0, 0, 0, 0, 0, 0, 0, 0, 0, 0, 0, 0, 0, 0, 0, 0, 0, 0, 0, 0, 0, 0, 0, 0, 0, 0, 0, 0, 0, 0, 0, 0, 0, 0, 0, 0, 0, 0, 0, 0, 0, 0, 0, 0, 0, 0, 0, 0, 0, 0, 0, 0, 0, 0, 0, 0, 0, 0, 0, 0, 0, 0, 0, 0, 0, 0, 0, 0, 0, 0, 0, 0, 0, 0, 0, 0, 0, 0, 0, 0, 0, 0, 0, 0, 0, 0, 0, 9423.31251200946, 5808.30311179099, 6367.517233257252, 5903.667819594044, 5905.081252670777, 5375.161873849512, 5727.901674051158, 5968.065453293527, 5968.167904809181, 6143.944336441807, 5439.891054427964, 5744.213646251873, 5807.476617297807, 5808.0692375807475, 6144.284192832329, 5807.814451423528, 5808.080315746859, 5840.314691333829, 5839.977722252952, 5711.730367037612, 5776.057839019117, 5776.115679196609, 5776.088136110476, 5375.821844283019, 6176.129580355423, 5776.392501798395, 5775.388629781813, 6113.161620571994, 5807.76183532818, 5775.555229106188, 5503.6588346250055, 6144.208014854934, 6175.949936318913, 5743.542631330761, 5743.895921685684, 5808.49300754325, 5775.936653831941, 5743.7124243714525, 5809.156484046979, 5535.196306574177, 3952.0640726940496, 4224.207468685758, 5231.638277268313, 5775.977966392646, 5407.8684876952775, 5808.134322411841, 5808.430684552884, 6143.217873014405, 5808.354513825307, 5807.692605076235, 6112.629581446453, 5439.631677771452, 5808.3129669977525, 5711.36544983396, 6112.862792676274, 6143.194441570553, 5744.482096123179, 5744.1383204389485, 6112.13406666139, 5743.190753523032, 5472.662830523946, 5743.613833641747, 6544.386955252862, 5871.871203386614, 5840.413561541504, 5807.536150786755, 6543.856463719687, 5375.951294386581, 5775.900850090693, 5840.339756703528, 5743.556323945771, 5776.088136110476, 6144.386743092579, 5808.38341518776, 5438.243136537073, 5866.407292848911, 6501.8592735999655, 5743.097656880406, 6176.450609656943, 5743.674083129934, 5807.929379368223, 5839.689519223502, 6175.988220237312, 5776.110170558368, 5408.96332922147, 6175.333041699436, 5744.142429068714, 5840.023670292471, 5772.153615436682, 5741.828831547062, 5806.611442738279, 5681.159446832296, 5711.389957737669, 5136.159192250965, 6082.742401571601, 6172.981433648964, 5775.994491582402, 5776.253398567518, 5776.802964241064, 6143.232517757581, 5375.409183589545, 5777.150112234048, 4974.365139215999, 6356.4983730002905, 5775.9876060751785]","[0, 0, 0, 0, 0, 0, 0, 0, 0, 0, 0, 0, 0, 0, 0, 0, 0, 0, 0, 0, 0, 0, 0, 0, 0, 0, 0, 0, 0, 0, 0, 0, 0, 0, 0, 0, 0, 0, 0, 0, 0, 0, 0, 0, 0, 0, 0, 0, 0, 0, 0, 0, 0, 0, 0, 0, 0, 0, 0, 0, 0, 0, 0, 0, 0, 0, 0, 0, 0, 0, 0, 0, 0, 0, 0, 0, 0, 0, 0, 0, 0, 0, 0, 0, 0, 0, 0, 0, 0, 0, 0, 0, 0, 0, 0, 0, 0, 0, 0, 0, 0, 0, 0, 0, 0, 0, 0, 0, 0, 0, 0, 0, 0, 0, 0, 0, 0, 0, 0, 0, 0, 0, 0, 0, 0, 0, 0, 0, 0, 0, 0, 0, 0, 0, 0, 0, 0, 0, 0, 0, 0, 0, 0, 0, 0, 0, 0, 0, 0, 0, 0, 0, 0, 0, 0, 0, 0, 0, 0, 0, 0, 0, 0, 0, 0, 0, 0, 0, 0, 0, 0, 0, 0, 0, 0, 0, 0, 0, 0, 0, 0, 0, 0, 0, 0, 0, 0, 0, 0, 0, 0, 0, 0, 0, 0, 0, 28101, 34007, 58070, 82002, 103830, 127273, 150988, 173662, 197338, 221245, 245501, 269974, 295859, 321127, 345462, 369301, 394218, 417070, 441349, 463675, 486213, 509371, 533864, 557564, 581151, 604441, 628314, 652488, 676681, 700968, 724871, 748724, 773003, 797297, 820232, 843678, 866694, 889264, 911513, 934332, 957250, 979874, 1003879, 1027941, 1052475, 1076392, 1100829, 1124402, 1149016, 1173619, 1197512, 1221129, 1245423, 1267817, 1290233, 1312868, 1336372, 1357313, 1379653, 1402112, 1426170, 1447650, 1470669, 1495556, 1519615, 1543871, 1569857, 1592054, 1617064, 1639231, 1663543, 1684936, 1709515, 1748249, 1770982, 1789346, 1799374, 1820462, 1845282, 1868252, 1891460, 1915771, 1939850, 1964268, 1988498, 2012758, 2036536, 2058253, 2099733, 2122498, 2144888, 2167238, 2190373, 2213005, 2236107, 2259401, 2282171, 2305880, 2329711, 2353801, 2377670, 2401904, 2409420, 2433195, 2456772]","[0, 0, 0, 0, 0, 0, 0, 0, 0, 0, 0, 0, 0, 0, 0, 0, 0, 0, 0, 0, 0, 0, 0, 0, 0, 0, 0, 0, 0, 0, 0, 0, 0, 0, 0, 0, 0, 0, 0, 0, 0, 0, 0, 0, 0, 0, 0, 0, 0, 0, 0, 0, 0, 0, 0, 0, 0, 0, 0, 0, 0, 0, 0, 0, 0, 0, 0, 0, 0, 0, 0, 0, 0, 0, 0, 0, 0, 0, 0, 0, 0, 0, 0, 0, 0, 0, 0, 0, 0, 0, 0, 0, 0, 0, 0, 0, 0, 0, 0, 0, 0, 0, 0, 0, 0, 0, 0, 0, 0, 0, 0, 0, 0, 0, 0, 0, 0, 0, 0, 0, 0, 0, 0, 0, 0, 0, 0, 0, 0, 0, 0, 0, 0, 0, 0, 0, 0, 0, 0, 0, 0, 0, 0, 0, 0, 0, 0, 0, 0, 0, 0, 0, 0, 0, 0, 0, 0, 0, 0, 0, 0, 0, 0, 0, 0, 0, 0, 0, 0, 0, 0, 0, 0, 0, 0, 0, 0, 0, 0, 0, 0, 0, 0, 0, 0, 0, 0, 0, 0, 0, 0, 0, 0, 0, 0, 0, 224791.60008487082, 199440.91964091623, 192489.406009886, 191445.22799258083, 174655.98046517305, 187514.761620021, 189716.74329626147, 181393.9893940716, 189413.32883949354, 191254.26725431546, 194044.11384735984, 195791.28212356835, 207061.3391718371, 202146.40977298943, 194689.00499033168, 190705.90731058607, 199338.75651165907, 182825.85113200088, 194231.25906654715, 178599.56887182317, 180305.80550666602, 185267.71038619816, 195946.98991378653, 189593.71682962435, 188699.95908269865, 186332.66117297037, 190963.78498446153, 193428.7552561615, 193536.06347395957, 194281.03857244042, 191212.14698261846, 190830.46064887336, 194230.42552316957, 194336.52463168456, 183476.67543713254, 187583.92156316675, 184125.98064348468, 180550.96019228926, 178027.44161647552, 182525.49786086148, 183346.97250607738, 181000.88971883824, 192026.7230058499, 192495.26568883634, 196267.22703715376, 191340.4250538898, 195510.49674713335, 188559.99338615697, 196924.01928828662, 196813.58286871985, 191163.6892532724, 188923.20784401233, 194362.4727551562, 179132.09787616483, 179353.31460815622, 181056.25805331962, 188047.7815978819, 167532.03421770476, 178723.9202214862, 179646.6868152838, 192487.31341629397, 171828.4472794216, 184162.88914787976, 199091.63302272843, 192485.6299686672, 194032.5025805558, 207883.4401787528, 177574.39119270674, 200076.56545812773, 177346.3169682837, 194480.97680747852, 171146.6114900435, 196644.37728967774, 175767.12750303338, 181805.2665042607, 179551.172543129, 191766.6023401778, 168677.49775528413, 198574.48721720898, 183749.5733836972, 185661.74247434945, 194477.66013951038, 192631.63258431896, 195347.72596218038, 193874.52879739084, 194059.04092179833, 190228.7168222784, 173736.7041749885, 188230.29242791948, 182051.16065483127, 179077.1765880304, 178836.49807986172, 185060.23343453917, 181061.61189879104, 184899.36179093042, 186260.91906142354, 182159.82627885218, 189680.32108952533, 190674.50338064932, 192695.92624059913, 190931.01458794472, 193910.60362864254, 222543.62134730627, 196778.31877354413, 188615.59527484002]"
32-5,"[0, 0, 0, 0, 0, 0, 0, 0, 0, 0, 0, 0, 0, 0, 0, 0, 0, 0, 0, 0, 0, 0, 0, 0, 0, 0, 0, 0, 0, 0, 0, 0, 0, 0, 0, 0, 0, 0, 0, 0, 0, 0, 0, 0, 0, 0, 0, 0, 0, 0, 0, 0, 0, 0, 0, 0, 0, 0, 0, 0, 0, 0, 0, 0, 0, 0, 0, 0, 0, 0, 0, 0, 0, 0, 0, 0, 0, 0, 0, 0, 0, 0, 0, 0, 0, 0, 0, 0, 0, 0, 0, 0, 0, 0, 0, 0, 0, 0, 0, 0, 0, 0, 0, 0, 0, 0, 0, 0, 0, 0, 0, 0, 0, 0, 0, 0, 0, 0, 0, 0, 0, 0, 0, 0, 0, 0, 0, 0, 0, 0, 0, 0, 0, 0, 0, 0, 0, 0, 0, 0, 0, 0, 0, 0, 0, 0, 0, 0, 0, 0, 0, 0, 0, 0, 0, 0, 0, 0, 0, 0, 0, 0, 0, 0, 0, 0, 0, 0, 0, 0, 0, 0, 0, 0, 0, 0, 0, 0, 0, 0, 0, 0, 0, 0, 0, 0, 0, 0, 0, 0, 0, 0, 0, 0, 0, 0, 28891, 34676, 58418, 81930, 104740, 128452, 152001, 175163, 199337, 223979, 248901, 273004, 297204, 314341, 328002, 334554, 341796, 349561, 356184, 364964, 374188, 384175, 395527, 409182, 424928, 442293, 460716, 481477, 504608, 523338, 547306, 571853, 591086, 615299, 638947, 658135, 681030, 703856, 725804, 748554, 771392, 790321, 814120, 833920, 857478, 882569, 902358, 926748, 946759, 966824, 991258, 1011134, 1030194, 1053809, 1076897, 1095498, 1118002, 1140912, 1159589, 1182989, 1206996, 1226015, 1249996, 1270311, 1294501, 1319123, 1339246, 1363109, 1386909, 1410352, 1433752, 1453280, 1476262, 1516722, 1536093, 1555430, 1564342, 1584156, 1607721, 1631074, 1651250, 1675933, 1700757, 1720941, 1745554, 1770444, 1790386, 1814238, 1851669, 1874554, 1893256, 1916277, 1939251, 1961596, 1981121, 2003927, 2022581, 2046377, 2070247, 2090572, 2115078, 2139590, 2147443, 2165822, 2189972]","[0, 0, 0, 0, 0, 0, 0, 0, 0, 0, 0, 0, 0, 0, 0, 0, 0, 0, 0, 0, 0, 0, 0, 0, 0, 0, 0, 0, 0, 0, 0, 0, 0, 0, 0, 0, 0, 0, 0, 0, 0, 0, 0, 0, 0, 0, 0, 0, 0, 0, 0, 0, 0, 0, 0, 0, 0, 0, 0, 0, 0, 0, 0, 0, 0, 0, 0, 0, 0, 0, 0, 0, 0, 0, 0, 0, 0, 0, 0, 0, 0, 0, 0, 0, 0, 0, 0, 0, 0, 0, 0, 0, 0, 0, 0, 0, 0, 0, 0, 0, 0, 0, 0, 0, 0, 0, 0, 0, 0, 0, 0, 0, 0, 0, 0, 0, 0, 0, 0, 0, 0, 0, 0, 0, 0, 0, 0, 0, 0, 0, 0, 0, 0, 0, 0, 0, 0, 0, 0, 0, 0, 0, 0, 0, 0, 0, 0, 0, 0, 0, 0, 0, 0, 0, 0, 0, 0, 0, 0, 0, 0, 0, 0, 0, 0, 0, 0, 0, 0, 0, 0, 0, 0, 0, 0, 0, 0, 0, 0, 0, 0, 0, 0, 0, 0, 0, 0, 0, 0, 0, 0, 0, 0, 0, 0, 0, 231105.40907246596, 195426.82997843495, 189837.06014883867, 188146.24046643314, 182533.65943958497, 189645.1784142166, 188363.3478527236, 185271.52861527135, 193404.45002782525, 197167.11949756322, 199351.28489395502, 192856.78419664674, 193585.6459770444, 137108.09497335914, 109285.47259835195, 52419.77435013145, 57938.15491108087, 62107.01385232246, 52980.81683401056, 70245.40954286631, 73801.67763011373, 79877.05104785142, 90827.45547007171, 109220.02725579614, 126002.75789806558, 138896.52110255678, 147376.90224689152, 166137.55245927014, 185065.91399981594, 149821.56835335007, 191702.45376718655, 196376.5618378501, 153853.36236498694, 193765.85829264016, 189102.2600027597, 153521.2030843376, 183171.74764635964, 182608.91428451537, 175601.9189732839, 181954.4929830696, 182777.64612148888, 151448.97087676814, 190352.60703685094, 158352.65621402446, 188476.2675945886, 200756.9099630398, 158324.9474298879, 195096.60312858256, 160059.68438772782, 160562.07079787418, 195462.5864137517, 159013.7246857709, 152475.12871092622, 188877.85005863788, 184769.24163409712, 148768.02636773195, 180070.6819087028, 183240.20035206777, 149437.8404283959, 187164.07816817155, 192114.21637368464, 152148.1911296681, 191850.1040689438, 162549.2598464928, 193470.09073301003, 196930.8791468477, 161021.20034197124, 190863.18172025608, 190397.09477089279, 187561.26118250284, 187201.69602977016, 156221.98870387315, 183862.96997934024, 183623.1095106602, 154802.98474483629, 189105.69168443547, 170691.5563734542, 158440.0762898312, 188562.43920865367, 186806.40744329928, 161406.0758896364, 197422.39085733463, 198613.782479272, 161465.0706709097, 196919.16458753627, 199176.4149811262, 159503.25742706188, 190832.7887923871, 169865.26345606154, 182884.70166712592, 149638.86875602545, 184104.8803935037, 183862.22554524505, 178713.002824279, 156377.50580433235, 182237.88113566113, 149262.28445340868, 190353.34104128924, 190959.271548189, 162638.00040254463, 195952.83381212346, 196155.62811132477, 232707.18390019934, 152118.38449514424, 193259.89977591246]","[0, 0, 0, 0, 0, 0, 0, 0, 0, 0, 0, 0, 0, 0, 0, 0, 0, 0, 0, 0, 0, 0, 0, 0, 0, 0, 0, 0, 0, 0, 0, 0, 0, 0, 0, 0, 0, 0, 0, 0, 0, 0, 0, 0, 0, 0, 0, 0, 0, 0, 0, 0, 0, 0, 0, 0, 0, 0, 0, 0, 0, 0, 0, 0, 0, 0, 0, 0, 0, 0, 0, 0, 0, 0, 0, 0, 0, 0, 0, 0, 0, 0, 0, 0, 0, 0, 0, 0, 0, 0, 0, 0, 0, 0, 0, 0, 0, 0, 0, 0, 0, 0, 0, 0, 0, 0, 0, 0, 0, 0, 0, 0, 0, 0, 0, 0, 0, 0, 0, 0, 0, 0, 0, 0, 0, 0, 0, 0, 0, 0, 0, 0, 0, 0, 0, 0, 0, 0, 0, 0, 0, 0, 0, 0, 0, 0, 0, 0, 0, 0, 0, 0, 0, 0, 0, 0, 0, 0, 0, 0, 0, 0, 0, 0, 0, 0, 0, 0, 0, 0, 0, 0, 0, 0, 0, 0, 0, 0, 0, 0, 0, 0, 0, 0, 0, 0, 0, 0, 0, 0, 0, 0, 0, 0, 0, 0, 1302, 1474, 2378, 3012, 3796, 4570, 5316, 6058, 6796, 7468, 8290, 8962, 9764, 10528, 11234, 11906, 12742, 13456, 14128, 14884, 15598, 16316, 17076, 17794, 18596, 19264, 20024, 20696, 21418, 22186, 22904, 23664, 24382, 25062, 25872, 26586, 27262, 28026, 28756, 29372, 30022, 30516, 31162, 31884, 32652, 33374, 34096, 34864, 35586, 36354, 37068, 37794, 38512, 39280, 40006, 40724, 41446, 42164, 42878, 43638, 44356, 45074, 45838, 46518, 47328, 48042, 48772, 49498, 50262, 50988, 51752, 52428, 53192, 54460, 55136, 55782, 56080, 56828, 57550, 58272, 58990, 59754, 60518, 61232, 61950, 62680, 63406, 64136, 65408, 66126, 66852, 67620, 68338, 69106, 69870, 70630, 71390, 72154, 72830, 73594, 74320, 75092, 75306, 75982, 76704]","[0, 0, 0, 0, 0, 0, 0, 0, 0, 0, 0, 0, 0, 0, 0, 0, 0, 0, 0, 0, 0, 0, 0, 0, 0, 0, 0, 0, 0, 0, 0, 0, 0, 0, 0, 0, 0, 0, 0, 0, 0, 0, 0, 0, 0, 0, 0, 0, 0, 0, 0, 0, 0, 0, 0, 0, 0, 0, 0, 0, 0, 0, 0, 0, 0, 0, 0, 0, 0, 0, 0, 0, 0, 0, 0, 0, 0, 0, 0, 0, 0, 0, 0, 0, 0, 0, 0, 0, 0, 0, 0, 0, 0, 0, 0, 0, 0, 0, 0, 0, 0, 0, 0, 0, 0, 0, 0, 0, 0, 0, 0, 0, 0, 0, 0, 0, 0, 0, 0, 0, 0, 0, 0, 0, 0, 0, 0, 0, 0, 0, 0, 0, 0, 0, 0, 0, 0, 0, 0, 0, 0, 0, 0, 0, 0, 0, 0, 0, 0, 0, 0, 0, 0, 0, 0, 0, 0, 0, 0, 0, 0, 0, 0, 0, 0, 0, 0, 0, 0, 0, 0, 0, 0, 0, 0, 0, 0, 0, 0, 0, 0, 0, 0, 0, 0, 0, 0, 0, 0, 0, 0, 0, 0, 0, 0, 0, 10414.981918671929, 5810.443345944825, 7228.23276786076, 5073.354731869625, 6273.84432269332, 6190.341097022759, 5967.092339298136, 5935.216053558905, 5904.380082755648, 5376.848644686409, 6575.184823964009, 5376.914034773539, 6415.524300561553, 6112.539216878473, 5647.8693839716325, 5376.387112833995, 6688.248758031428, 5710.805909923791, 5375.67702135816, 6048.465787517874, 5712.749114039593, 5742.637694238241, 6080.7669271718205, 5742.949803710116, 6417.770343849143, 5343.096809473534, 6079.7071979393995, 5377.603932981529, 5776.559159044879, 6143.244233602395, 5742.755415756005, 6080.017395069299, 5743.602879325151, 5441.737233675931, 6477.200211528897, 5712.640139786172, 5408.34686215065, 6112.030601654681, 5840.595992823823, 4926.767810003115, 5202.096067035983, 3952.4428978352507, 5166.930717500975, 5774.273625582104, 6144.399928374397, 5776.831891646994, 5776.4723858900925, 6143.263271945527, 5774.978368294412, 6145.610285211432, 5711.724920169383, 5808.209102529164, 5743.816496035941, 6142.629212154728, 5810.0515170804965, 5742.457014785847, 5777.241038841246, 5742.752677991473, 5712.83493419043, 6078.8333080260845, 5745.741132015894, 5743.8562085862395, 6112.067032595515, 5440.979409087625, 6478.328792630761, 5710.691564895185, 5841.349512977141, 5806.758158190752, 6111.906739704289, 5808.534556946512, 6112.055374647197, 5407.930375041901, 6112.231705866154, 5754.673822528847, 5402.241375639323, 6317.540302432917, 5707.594681248805, 5981.284801897332, 5777.300280443367, 5775.456094465896, 5743.9315270003435, 6110.712093951451, 6112.670392127127, 5711.754878073203, 5744.4423749177695, 5841.654597678671, 5806.80798776687, 5840.513827705961, 5772.4510463549, 5737.872658815661, 5808.887750875547, 6141.894276626161, 5746.194739335159, 6142.384702127827, 6118.945681665041, 6072.997880518392, 6081.2338471422, 6111.529356007101, 5407.979370195884, 6113.428403815207, 5805.180663821172, 6177.877974132781, 6341.441150470222, 5595.082861892241, 5777.790792472413]"
